Time Stamp,Time Zone,Fuel Category,Gen MWh
10/24/2017 00:05:00,EDT,Dual Fuel,2137.0
10/24/2017 00:05:00,EDT,Natural Gas,1781.0
10/24/2017 00:05:00,EDT,Nuclear,5347.0
10/24/2017 00:05:00,EDT,Other Fossil Fuels,0.0
10/24/2017 00:05:00,EDT,Other Renewables,285.0
10/24/2017 00:05:00,EDT,Wind,930.0
10/24/2017 00:05:00,EDT,Hydro,2310.0
10/24/2017 00:10:00,EDT,Dual Fuel,2208.0
10/24/2017 00:10:00,EDT,Natural Gas,1758.0
10/24/2017 00:10:00,EDT,Nuclear,5346.0
10/24/2017 00:10:00,EDT,Other Fossil Fuels,0.0
10/24/2017 00:10:00,EDT,Other Renewables,285.0
10/24/2017 00:10:00,EDT,Wind,917.0
10/24/2017 00:10:00,EDT,Hydro,2262.0
10/24/2017 00:15:00,EDT,Dual Fuel,2223.0
10/24/2017 00:15:00,EDT,Natural Gas,1752.0
10/24/2017 00:15:00,EDT,Nuclear,5343.0
10/24/2017 00:15:00,EDT,Other Fossil Fuels,0.0
10/24/2017 00:15:00,EDT,Other Renewables,285.0
10/24/2017 00:15:00,EDT,Wind,905.0
10/24/2017 00:15:00,EDT,Hydro,2199.0
10/24/2017 00:20:00,EDT,Dual Fuel,2167.0
10/24/2017 00:20:00,EDT,Natural Gas,1749.0
10/24/2017 00:20:00,EDT,Nuclear,5347.0
10/24/2017 00:20:00,EDT,Other Fossil Fuels,0.0
10/24/2017 00:20:00,EDT,Other Renewables,283.0
10/24/2017 00:20:00,EDT,Wind,868.0
10/24/2017 00:20:00,EDT,Hydro,2181.0
10/24/2017 00:25:00,EDT,Dual Fuel,2113.0
10/24/2017 00:25:00,EDT,Natural Gas,1744.0
10/24/2017 00:25:00,EDT,Nuclear,5344.0
10/24/2017 00:25:00,EDT,Other Fossil Fuels,0.0
10/24/2017 00:25:00,EDT,Other Renewables,285.0
10/24/2017 00:25:00,EDT,Wind,825.0
10/24/2017 00:25:00,EDT,Hydro,2198.0
10/24/2017 00:30:00,EDT,Dual Fuel,2113.0
10/24/2017 00:30:00,EDT,Natural Gas,1749.0
10/24/2017 00:30:00,EDT,Nuclear,5345.0
10/24/2017 00:30:00,EDT,Other Fossil Fuels,0.0
10/24/2017 00:30:00,EDT,Other Renewables,282.0
10/24/2017 00:30:00,EDT,Wind,794.0
10/24/2017 00:30:00,EDT,Hydro,2203.0
10/24/2017 00:35:00,EDT,Dual Fuel,2076.0
10/24/2017 00:35:00,EDT,Natural Gas,1751.0
10/24/2017 00:35:00,EDT,Nuclear,5344.0
10/24/2017 00:35:00,EDT,Other Fossil Fuels,0.0
10/24/2017 00:35:00,EDT,Other Renewables,285.0
10/24/2017 00:35:00,EDT,Wind,790.0
10/24/2017 00:35:00,EDT,Hydro,2167.0
10/24/2017 00:40:00,EDT,Dual Fuel,2024.0
10/24/2017 00:40:00,EDT,Natural Gas,1747.0
10/24/2017 00:40:00,EDT,Nuclear,5344.0
10/24/2017 00:40:00,EDT,Other Fossil Fuels,0.0
10/24/2017 00:40:00,EDT,Other Renewables,284.0
10/24/2017 00:40:00,EDT,Wind,806.0
10/24/2017 00:40:00,EDT,Hydro,2168.0
10/24/2017 00:45:00,EDT,Dual Fuel,2005.0
10/24/2017 00:45:00,EDT,Natural Gas,1753.0
10/24/2017 00:45:00,EDT,Nuclear,5343.0
10/24/2017 00:45:00,EDT,Other Fossil Fuels,0.0
10/24/2017 00:45:00,EDT,Other Renewables,284.0
10/24/2017 00:45:00,EDT,Wind,825.0
10/24/2017 00:45:00,EDT,Hydro,2143.0
10/24/2017 00:50:00,EDT,Dual Fuel,1909.0
10/24/2017 00:50:00,EDT,Natural Gas,1748.0
10/24/2017 00:50:00,EDT,Nuclear,5343.0
10/24/2017 00:50:00,EDT,Other Fossil Fuels,0.0
10/24/2017 00:50:00,EDT,Other Renewables,281.0
10/24/2017 00:50:00,EDT,Wind,836.0
10/24/2017 00:50:00,EDT,Hydro,2127.0
10/24/2017 00:55:00,EDT,Dual Fuel,1871.0
10/24/2017 00:55:00,EDT,Natural Gas,1721.0
10/24/2017 00:55:00,EDT,Nuclear,5342.0
10/24/2017 00:55:00,EDT,Other Fossil Fuels,0.0
10/24/2017 00:55:00,EDT,Other Renewables,279.0
10/24/2017 00:55:00,EDT,Wind,851.0
10/24/2017 00:55:00,EDT,Hydro,2036.0
10/24/2017 01:00:00,EDT,Dual Fuel,1877.0
10/24/2017 01:00:00,EDT,Natural Gas,1698.0
10/24/2017 01:00:00,EDT,Nuclear,5344.0
10/24/2017 01:00:00,EDT,Other Fossil Fuels,0.0
10/24/2017 01:00:00,EDT,Other Renewables,282.0
10/24/2017 01:00:00,EDT,Wind,895.0
10/24/2017 01:00:00,EDT,Hydro,2029.0
10/24/2017 01:05:00,EDT,Dual Fuel,1889.0
10/24/2017 01:05:00,EDT,Natural Gas,1710.0
10/24/2017 01:05:00,EDT,Nuclear,5345.0
10/24/2017 01:05:00,EDT,Other Fossil Fuels,0.0
10/24/2017 01:05:00,EDT,Other Renewables,286.0
10/24/2017 01:05:00,EDT,Wind,924.0
10/24/2017 01:05:00,EDT,Hydro,2042.0
10/24/2017 01:10:00,EDT,Dual Fuel,1915.0
10/24/2017 01:10:00,EDT,Natural Gas,1721.0
10/24/2017 01:10:00,EDT,Nuclear,5346.0
10/24/2017 01:10:00,EDT,Other Fossil Fuels,0.0
10/24/2017 01:10:00,EDT,Other Renewables,285.0
10/24/2017 01:10:00,EDT,Wind,937.0
10/24/2017 01:10:00,EDT,Hydro,2052.0
10/24/2017 01:15:00,EDT,Dual Fuel,1902.0
10/24/2017 01:15:00,EDT,Natural Gas,1659.0
10/24/2017 01:15:00,EDT,Nuclear,5346.0
10/24/2017 01:15:00,EDT,Other Fossil Fuels,0.0
10/24/2017 01:15:00,EDT,Other Renewables,281.0
10/24/2017 01:15:00,EDT,Wind,973.0
10/24/2017 01:15:00,EDT,Hydro,2061.0
10/24/2017 01:20:00,EDT,Dual Fuel,1877.0
10/24/2017 01:20:00,EDT,Natural Gas,1565.0
10/24/2017 01:20:00,EDT,Nuclear,5346.0
10/24/2017 01:20:00,EDT,Other Fossil Fuels,0.0
10/24/2017 01:20:00,EDT,Other Renewables,280.0
10/24/2017 01:20:00,EDT,Wind,1056.0
10/24/2017 01:20:00,EDT,Hydro,2022.0
10/24/2017 01:25:00,EDT,Dual Fuel,1863.0
10/24/2017 01:25:00,EDT,Natural Gas,1482.0
10/24/2017 01:25:00,EDT,Nuclear,5347.0
10/24/2017 01:25:00,EDT,Other Fossil Fuels,0.0
10/24/2017 01:25:00,EDT,Other Renewables,280.0
10/24/2017 01:25:00,EDT,Wind,1071.0
10/24/2017 01:25:00,EDT,Hydro,1960.0
10/24/2017 01:30:00,EDT,Dual Fuel,1848.0
10/24/2017 01:30:00,EDT,Natural Gas,1499.0
10/24/2017 01:30:00,EDT,Nuclear,5350.0
10/24/2017 01:30:00,EDT,Other Fossil Fuels,0.0
10/24/2017 01:30:00,EDT,Other Renewables,279.0
10/24/2017 01:30:00,EDT,Wind,1005.0
10/24/2017 01:30:00,EDT,Hydro,1975.0
10/24/2017 01:35:00,EDT,Dual Fuel,1832.0
10/24/2017 01:35:00,EDT,Natural Gas,1619.0
10/24/2017 01:35:00,EDT,Nuclear,5350.0
10/24/2017 01:35:00,EDT,Other Fossil Fuels,0.0
10/24/2017 01:35:00,EDT,Other Renewables,274.0
10/24/2017 01:35:00,EDT,Wind,940.0
10/24/2017 01:35:00,EDT,Hydro,2091.0
10/24/2017 01:40:00,EDT,Dual Fuel,1825.0
10/24/2017 01:40:00,EDT,Natural Gas,1661.0
10/24/2017 01:40:00,EDT,Nuclear,5348.0
10/24/2017 01:40:00,EDT,Other Fossil Fuels,0.0
10/24/2017 01:40:00,EDT,Other Renewables,281.0
10/24/2017 01:40:00,EDT,Wind,894.0
10/24/2017 01:40:00,EDT,Hydro,2188.0
10/24/2017 01:45:00,EDT,Dual Fuel,1809.0
10/24/2017 01:45:00,EDT,Natural Gas,1694.0
10/24/2017 01:45:00,EDT,Nuclear,5348.0
10/24/2017 01:45:00,EDT,Other Fossil Fuels,0.0
10/24/2017 01:45:00,EDT,Other Renewables,277.0
10/24/2017 01:45:00,EDT,Wind,886.0
10/24/2017 01:45:00,EDT,Hydro,2172.0
10/24/2017 01:50:00,EDT,Dual Fuel,1819.0
10/24/2017 01:50:00,EDT,Natural Gas,1668.0
10/24/2017 01:50:00,EDT,Nuclear,5346.0
10/24/2017 01:50:00,EDT,Other Fossil Fuels,0.0
10/24/2017 01:50:00,EDT,Other Renewables,276.0
10/24/2017 01:50:00,EDT,Wind,887.0
10/24/2017 01:50:00,EDT,Hydro,2145.0
10/24/2017 01:55:00,EDT,Dual Fuel,1827.0
10/24/2017 01:55:00,EDT,Natural Gas,1588.0
10/24/2017 01:55:00,EDT,Nuclear,5350.0
10/24/2017 01:55:00,EDT,Other Fossil Fuels,0.0
10/24/2017 01:55:00,EDT,Other Renewables,278.0
10/24/2017 01:55:00,EDT,Wind,916.0
10/24/2017 01:55:00,EDT,Hydro,2113.0
10/24/2017 02:00:00,EDT,Dual Fuel,1829.0
10/24/2017 02:00:00,EDT,Natural Gas,1623.0
10/24/2017 02:00:00,EDT,Nuclear,5348.0
10/24/2017 02:00:00,EDT,Other Fossil Fuels,0.0
10/24/2017 02:00:00,EDT,Other Renewables,277.0
10/24/2017 02:00:00,EDT,Wind,970.0
10/24/2017 02:00:00,EDT,Hydro,2120.0
10/24/2017 02:05:00,EDT,Dual Fuel,1882.0
10/24/2017 02:05:00,EDT,Natural Gas,1705.0
10/24/2017 02:05:00,EDT,Nuclear,5347.0
10/24/2017 02:05:00,EDT,Other Fossil Fuels,0.0
10/24/2017 02:05:00,EDT,Other Renewables,277.0
10/24/2017 02:05:00,EDT,Wind,1008.0
10/24/2017 02:05:00,EDT,Hydro,2118.0
10/24/2017 02:10:00,EDT,Dual Fuel,1854.0
10/24/2017 02:10:00,EDT,Natural Gas,1736.0
10/24/2017 02:10:00,EDT,Nuclear,5347.0
10/24/2017 02:10:00,EDT,Other Fossil Fuels,0.0
10/24/2017 02:10:00,EDT,Other Renewables,281.0
10/24/2017 02:10:00,EDT,Wind,1044.0
10/24/2017 02:10:00,EDT,Hydro,2098.0
10/24/2017 02:15:00,EDT,Dual Fuel,1835.0
10/24/2017 02:15:00,EDT,Natural Gas,1750.0
10/24/2017 02:15:00,EDT,Nuclear,5347.0
10/24/2017 02:15:00,EDT,Other Fossil Fuels,0.0
10/24/2017 02:15:00,EDT,Other Renewables,280.0
10/24/2017 02:15:00,EDT,Wind,1080.0
10/24/2017 02:15:00,EDT,Hydro,2045.0
10/24/2017 02:20:00,EDT,Dual Fuel,1830.0
10/24/2017 02:20:00,EDT,Natural Gas,1722.0
10/24/2017 02:20:00,EDT,Nuclear,5347.0
10/24/2017 02:20:00,EDT,Other Fossil Fuels,0.0
10/24/2017 02:20:00,EDT,Other Renewables,276.0
10/24/2017 02:20:00,EDT,Wind,1099.0
10/24/2017 02:20:00,EDT,Hydro,2038.0
10/24/2017 02:25:00,EDT,Dual Fuel,1818.0
10/24/2017 02:25:00,EDT,Natural Gas,1703.0
10/24/2017 02:25:00,EDT,Nuclear,5346.0
10/24/2017 02:25:00,EDT,Other Fossil Fuels,0.0
10/24/2017 02:25:00,EDT,Other Renewables,277.0
10/24/2017 02:25:00,EDT,Wind,1075.0
10/24/2017 02:25:00,EDT,Hydro,2033.0
10/24/2017 02:30:00,EDT,Dual Fuel,1806.0
10/24/2017 02:30:00,EDT,Natural Gas,1692.0
10/24/2017 02:30:00,EDT,Nuclear,5349.0
10/24/2017 02:30:00,EDT,Other Fossil Fuels,0.0
10/24/2017 02:30:00,EDT,Other Renewables,286.0
10/24/2017 02:30:00,EDT,Wind,1045.0
10/24/2017 02:30:00,EDT,Hydro,2053.0
10/24/2017 02:35:00,EDT,Dual Fuel,1798.0
10/24/2017 02:35:00,EDT,Natural Gas,1687.0
10/24/2017 02:35:00,EDT,Nuclear,5352.0
10/24/2017 02:35:00,EDT,Other Fossil Fuels,0.0
10/24/2017 02:35:00,EDT,Other Renewables,284.0
10/24/2017 02:35:00,EDT,Wind,1020.0
10/24/2017 02:35:00,EDT,Hydro,2078.0
10/24/2017 02:40:00,EDT,Dual Fuel,1795.0
10/24/2017 02:40:00,EDT,Natural Gas,1701.0
10/24/2017 02:40:00,EDT,Nuclear,5349.0
10/24/2017 02:40:00,EDT,Other Fossil Fuels,0.0
10/24/2017 02:40:00,EDT,Other Renewables,285.0
10/24/2017 02:40:00,EDT,Wind,1025.0
10/24/2017 02:40:00,EDT,Hydro,2064.0
10/24/2017 02:45:00,EDT,Dual Fuel,1796.0
10/24/2017 02:45:00,EDT,Natural Gas,1697.0
10/24/2017 02:45:00,EDT,Nuclear,5349.0
10/24/2017 02:45:00,EDT,Other Fossil Fuels,0.0
10/24/2017 02:45:00,EDT,Other Renewables,289.0
10/24/2017 02:45:00,EDT,Wind,1030.0
10/24/2017 02:45:00,EDT,Hydro,2088.0
10/24/2017 02:50:00,EDT,Dual Fuel,1797.0
10/24/2017 02:50:00,EDT,Natural Gas,1653.0
10/24/2017 02:50:00,EDT,Nuclear,5346.0
10/24/2017 02:50:00,EDT,Other Fossil Fuels,0.0
10/24/2017 02:50:00,EDT,Other Renewables,287.0
10/24/2017 02:50:00,EDT,Wind,1021.0
10/24/2017 02:50:00,EDT,Hydro,2068.0
10/24/2017 02:55:00,EDT,Dual Fuel,1795.0
10/24/2017 02:55:00,EDT,Natural Gas,1620.0
10/24/2017 02:55:00,EDT,Nuclear,5348.0
10/24/2017 02:55:00,EDT,Other Fossil Fuels,0.0
10/24/2017 02:55:00,EDT,Other Renewables,286.0
10/24/2017 02:55:00,EDT,Wind,1009.0
10/24/2017 02:55:00,EDT,Hydro,2069.0
10/24/2017 03:00:00,EDT,Dual Fuel,1796.0
10/24/2017 03:00:00,EDT,Natural Gas,1571.0
10/24/2017 03:00:00,EDT,Nuclear,5346.0
10/24/2017 03:00:00,EDT,Other Fossil Fuels,0.0
10/24/2017 03:00:00,EDT,Other Renewables,285.0
10/24/2017 03:00:00,EDT,Wind,997.0
10/24/2017 03:00:00,EDT,Hydro,2091.0
10/24/2017 03:05:00,EDT,Dual Fuel,1795.0
10/24/2017 03:05:00,EDT,Natural Gas,1495.0
10/24/2017 03:05:00,EDT,Nuclear,5348.0
10/24/2017 03:05:00,EDT,Other Fossil Fuels,0.0
10/24/2017 03:05:00,EDT,Other Renewables,284.0
10/24/2017 03:05:00,EDT,Wind,999.0
10/24/2017 03:05:00,EDT,Hydro,2077.0
10/24/2017 03:10:00,EDT,Dual Fuel,1793.0
10/24/2017 03:10:00,EDT,Natural Gas,1516.0
10/24/2017 03:10:00,EDT,Nuclear,5346.0
10/24/2017 03:10:00,EDT,Other Fossil Fuels,0.0
10/24/2017 03:10:00,EDT,Other Renewables,281.0
10/24/2017 03:10:00,EDT,Wind,995.0
10/24/2017 03:10:00,EDT,Hydro,2003.0
10/24/2017 03:15:00,EDT,Dual Fuel,1794.0
10/24/2017 03:15:00,EDT,Natural Gas,1557.0
10/24/2017 03:15:00,EDT,Nuclear,5344.0
10/24/2017 03:15:00,EDT,Other Fossil Fuels,0.0
10/24/2017 03:15:00,EDT,Other Renewables,283.0
10/24/2017 03:15:00,EDT,Wind,990.0
10/24/2017 03:15:00,EDT,Hydro,1983.0
10/24/2017 03:20:00,EDT,Dual Fuel,1794.0
10/24/2017 03:20:00,EDT,Natural Gas,1632.0
10/24/2017 03:20:00,EDT,Nuclear,5347.0
10/24/2017 03:20:00,EDT,Other Fossil Fuels,0.0
10/24/2017 03:20:00,EDT,Other Renewables,283.0
10/24/2017 03:20:00,EDT,Wind,949.0
10/24/2017 03:20:00,EDT,Hydro,1935.0
10/24/2017 03:25:00,EDT,Dual Fuel,1797.0
10/24/2017 03:25:00,EDT,Natural Gas,1674.0
10/24/2017 03:25:00,EDT,Nuclear,5347.0
10/24/2017 03:25:00,EDT,Other Fossil Fuels,0.0
10/24/2017 03:25:00,EDT,Other Renewables,281.0
10/24/2017 03:25:00,EDT,Wind,921.0
10/24/2017 03:25:00,EDT,Hydro,1928.0
10/24/2017 03:30:00,EDT,Dual Fuel,1795.0
10/24/2017 03:30:00,EDT,Natural Gas,1698.0
10/24/2017 03:30:00,EDT,Nuclear,5348.0
10/24/2017 03:30:00,EDT,Other Fossil Fuels,0.0
10/24/2017 03:30:00,EDT,Other Renewables,285.0
10/24/2017 03:30:00,EDT,Wind,899.0
10/24/2017 03:30:00,EDT,Hydro,1937.0
10/24/2017 03:35:00,EDT,Dual Fuel,1796.0
10/24/2017 03:35:00,EDT,Natural Gas,1700.0
10/24/2017 03:35:00,EDT,Nuclear,5347.0
10/24/2017 03:35:00,EDT,Other Fossil Fuels,0.0
10/24/2017 03:35:00,EDT,Other Renewables,286.0
10/24/2017 03:35:00,EDT,Wind,875.0
10/24/2017 03:35:00,EDT,Hydro,1975.0
10/24/2017 03:40:00,EDT,Dual Fuel,1796.0
10/24/2017 03:40:00,EDT,Natural Gas,1690.0
10/24/2017 03:40:00,EDT,Nuclear,5351.0
10/24/2017 03:40:00,EDT,Other Fossil Fuels,0.0
10/24/2017 03:40:00,EDT,Other Renewables,286.0
10/24/2017 03:40:00,EDT,Wind,874.0
10/24/2017 03:40:00,EDT,Hydro,1989.0
10/24/2017 03:45:00,EDT,Dual Fuel,1796.0
10/24/2017 03:45:00,EDT,Natural Gas,1692.0
10/24/2017 03:45:00,EDT,Nuclear,5351.0
10/24/2017 03:45:00,EDT,Other Fossil Fuels,0.0
10/24/2017 03:45:00,EDT,Other Renewables,282.0
10/24/2017 03:45:00,EDT,Wind,901.0
10/24/2017 03:45:00,EDT,Hydro,1928.0
10/24/2017 03:50:00,EDT,Dual Fuel,1795.0
10/24/2017 03:50:00,EDT,Natural Gas,1688.0
10/24/2017 03:50:00,EDT,Nuclear,5350.0
10/24/2017 03:50:00,EDT,Other Fossil Fuels,0.0
10/24/2017 03:50:00,EDT,Other Renewables,282.0
10/24/2017 03:50:00,EDT,Wind,930.0
10/24/2017 03:50:00,EDT,Hydro,1914.0
10/24/2017 03:55:00,EDT,Dual Fuel,1798.0
10/24/2017 03:55:00,EDT,Natural Gas,1678.0
10/24/2017 03:55:00,EDT,Nuclear,5352.0
10/24/2017 03:55:00,EDT,Other Fossil Fuels,0.0
10/24/2017 03:55:00,EDT,Other Renewables,281.0
10/24/2017 03:55:00,EDT,Wind,936.0
10/24/2017 03:55:00,EDT,Hydro,1919.0
10/24/2017 04:00:00,EDT,Dual Fuel,1797.0
10/24/2017 04:00:00,EDT,Natural Gas,1625.0
10/24/2017 04:00:00,EDT,Nuclear,5348.0
10/24/2017 04:00:00,EDT,Other Fossil Fuels,0.0
10/24/2017 04:00:00,EDT,Other Renewables,285.0
10/24/2017 04:00:00,EDT,Wind,974.0
10/24/2017 04:00:00,EDT,Hydro,1900.0
10/24/2017 04:05:00,EDT,Dual Fuel,1810.0
10/24/2017 04:05:00,EDT,Natural Gas,1619.0
10/24/2017 04:05:00,EDT,Nuclear,5349.0
10/24/2017 04:05:00,EDT,Other Fossil Fuels,0.0
10/24/2017 04:05:00,EDT,Other Renewables,286.0
10/24/2017 04:05:00,EDT,Wind,1003.0
10/24/2017 04:05:00,EDT,Hydro,1976.0
10/24/2017 04:10:00,EDT,Dual Fuel,1815.0
10/24/2017 04:10:00,EDT,Natural Gas,1693.0
10/24/2017 04:10:00,EDT,Nuclear,5347.0
10/24/2017 04:10:00,EDT,Other Fossil Fuels,0.0
10/24/2017 04:10:00,EDT,Other Renewables,284.0
10/24/2017 04:10:00,EDT,Wind,1016.0
10/24/2017 04:10:00,EDT,Hydro,2049.0
10/24/2017 04:15:00,EDT,Dual Fuel,1811.0
10/24/2017 04:15:00,EDT,Natural Gas,1715.0
10/24/2017 04:15:00,EDT,Nuclear,5348.0
10/24/2017 04:15:00,EDT,Other Fossil Fuels,0.0
10/24/2017 04:15:00,EDT,Other Renewables,284.0
10/24/2017 04:15:00,EDT,Wind,1021.0
10/24/2017 04:15:00,EDT,Hydro,2072.0
10/24/2017 04:20:00,EDT,Dual Fuel,1810.0
10/24/2017 04:20:00,EDT,Natural Gas,1699.0
10/24/2017 04:20:00,EDT,Nuclear,5348.0
10/24/2017 04:20:00,EDT,Other Fossil Fuels,0.0
10/24/2017 04:20:00,EDT,Other Renewables,287.0
10/24/2017 04:20:00,EDT,Wind,1044.0
10/24/2017 04:20:00,EDT,Hydro,2057.0
10/24/2017 04:25:00,EDT,Dual Fuel,1807.0
10/24/2017 04:25:00,EDT,Natural Gas,1686.0
10/24/2017 04:25:00,EDT,Nuclear,5351.0
10/24/2017 04:25:00,EDT,Other Fossil Fuels,0.0
10/24/2017 04:25:00,EDT,Other Renewables,284.0
10/24/2017 04:25:00,EDT,Wind,1076.0
10/24/2017 04:25:00,EDT,Hydro,2037.0
10/24/2017 04:30:00,EDT,Dual Fuel,1805.0
10/24/2017 04:30:00,EDT,Natural Gas,1698.0
10/24/2017 04:30:00,EDT,Nuclear,5348.0
10/24/2017 04:30:00,EDT,Other Fossil Fuels,0.0
10/24/2017 04:30:00,EDT,Other Renewables,281.0
10/24/2017 04:30:00,EDT,Wind,1110.0
10/24/2017 04:30:00,EDT,Hydro,2034.0
10/24/2017 04:35:00,EDT,Dual Fuel,1812.0
10/24/2017 04:35:00,EDT,Natural Gas,1712.0
10/24/2017 04:35:00,EDT,Nuclear,5352.0
10/24/2017 04:35:00,EDT,Other Fossil Fuels,0.0
10/24/2017 04:35:00,EDT,Other Renewables,280.0
10/24/2017 04:35:00,EDT,Wind,1131.0
10/24/2017 04:35:00,EDT,Hydro,2060.0
10/24/2017 04:40:00,EDT,Dual Fuel,1817.0
10/24/2017 04:40:00,EDT,Natural Gas,1687.0
10/24/2017 04:40:00,EDT,Nuclear,5350.0
10/24/2017 04:40:00,EDT,Other Fossil Fuels,0.0
10/24/2017 04:40:00,EDT,Other Renewables,282.0
10/24/2017 04:40:00,EDT,Wind,1122.0
10/24/2017 04:40:00,EDT,Hydro,2067.0
10/24/2017 04:45:00,EDT,Dual Fuel,1822.0
10/24/2017 04:45:00,EDT,Natural Gas,1713.0
10/24/2017 04:45:00,EDT,Nuclear,5350.0
10/24/2017 04:45:00,EDT,Other Fossil Fuels,0.0
10/24/2017 04:45:00,EDT,Other Renewables,282.0
10/24/2017 04:45:00,EDT,Wind,1121.0
10/24/2017 04:45:00,EDT,Hydro,2094.0
10/24/2017 04:50:00,EDT,Dual Fuel,1820.0
10/24/2017 04:50:00,EDT,Natural Gas,1778.0
10/24/2017 04:50:00,EDT,Nuclear,5346.0
10/24/2017 04:50:00,EDT,Other Fossil Fuels,0.0
10/24/2017 04:50:00,EDT,Other Renewables,278.0
10/24/2017 04:50:00,EDT,Wind,1129.0
10/24/2017 04:50:00,EDT,Hydro,2100.0
10/24/2017 04:55:00,EDT,Dual Fuel,1813.0
10/24/2017 04:55:00,EDT,Natural Gas,1829.0
10/24/2017 04:55:00,EDT,Nuclear,5344.0
10/24/2017 04:55:00,EDT,Other Fossil Fuels,0.0
10/24/2017 04:55:00,EDT,Other Renewables,275.0
10/24/2017 04:55:00,EDT,Wind,1126.0
10/24/2017 04:55:00,EDT,Hydro,2092.0
10/24/2017 05:00:00,EDT,Dual Fuel,1829.0
10/24/2017 05:00:00,EDT,Natural Gas,1881.0
10/24/2017 05:00:00,EDT,Nuclear,5346.0
10/24/2017 05:00:00,EDT,Other Fossil Fuels,0.0
10/24/2017 05:00:00,EDT,Other Renewables,286.0
10/24/2017 05:00:00,EDT,Wind,1126.0
10/24/2017 05:00:00,EDT,Hydro,2098.0
10/24/2017 05:05:00,EDT,Dual Fuel,1830.0
10/24/2017 05:05:00,EDT,Natural Gas,1932.0
10/24/2017 05:05:00,EDT,Nuclear,5346.0
10/24/2017 05:05:00,EDT,Other Fossil Fuels,0.0
10/24/2017 05:05:00,EDT,Other Renewables,282.0
10/24/2017 05:05:00,EDT,Wind,1140.0
10/24/2017 05:05:00,EDT,Hydro,2078.0
10/24/2017 05:10:00,EDT,Dual Fuel,1867.0
10/24/2017 05:10:00,EDT,Natural Gas,2013.0
10/24/2017 05:10:00,EDT,Nuclear,5347.0
10/24/2017 05:10:00,EDT,Other Fossil Fuels,0.0
10/24/2017 05:10:00,EDT,Other Renewables,278.0
10/24/2017 05:10:00,EDT,Wind,1151.0
10/24/2017 05:10:00,EDT,Hydro,2112.0
10/24/2017 05:15:00,EDT,Dual Fuel,1935.0
10/24/2017 05:15:00,EDT,Natural Gas,2023.0
10/24/2017 05:15:00,EDT,Nuclear,5346.0
10/24/2017 05:15:00,EDT,Other Fossil Fuels,0.0
10/24/2017 05:15:00,EDT,Other Renewables,273.0
10/24/2017 05:15:00,EDT,Wind,1150.0
10/24/2017 05:15:00,EDT,Hydro,2025.0
10/24/2017 05:20:00,EDT,Dual Fuel,1969.0
10/24/2017 05:20:00,EDT,Natural Gas,2041.0
10/24/2017 05:20:00,EDT,Nuclear,5348.0
10/24/2017 05:20:00,EDT,Other Fossil Fuels,0.0
10/24/2017 05:20:00,EDT,Other Renewables,273.0
10/24/2017 05:20:00,EDT,Wind,1146.0
10/24/2017 05:20:00,EDT,Hydro,1978.0
10/24/2017 05:25:00,EDT,Dual Fuel,2007.0
10/24/2017 05:25:00,EDT,Natural Gas,2071.0
10/24/2017 05:25:00,EDT,Nuclear,5350.0
10/24/2017 05:25:00,EDT,Other Fossil Fuels,0.0
10/24/2017 05:25:00,EDT,Other Renewables,276.0
10/24/2017 05:25:00,EDT,Wind,1126.0
10/24/2017 05:25:00,EDT,Hydro,1996.0
10/24/2017 05:30:00,EDT,Dual Fuel,2007.0
10/24/2017 05:30:00,EDT,Natural Gas,2102.0
10/24/2017 05:30:00,EDT,Nuclear,5347.0
10/24/2017 05:30:00,EDT,Other Fossil Fuels,0.0
10/24/2017 05:30:00,EDT,Other Renewables,287.0
10/24/2017 05:30:00,EDT,Wind,1084.0
10/24/2017 05:30:00,EDT,Hydro,1984.0
10/24/2017 05:35:00,EDT,Dual Fuel,1977.0
10/24/2017 05:35:00,EDT,Natural Gas,2147.0
10/24/2017 05:35:00,EDT,Nuclear,5347.0
10/24/2017 05:35:00,EDT,Other Fossil Fuels,0.0
10/24/2017 05:35:00,EDT,Other Renewables,283.0
10/24/2017 05:35:00,EDT,Wind,1034.0
10/24/2017 05:35:00,EDT,Hydro,2064.0
10/24/2017 05:40:00,EDT,Dual Fuel,2007.0
10/24/2017 05:40:00,EDT,Natural Gas,2227.0
10/24/2017 05:40:00,EDT,Nuclear,5348.0
10/24/2017 05:40:00,EDT,Other Fossil Fuels,0.0
10/24/2017 05:40:00,EDT,Other Renewables,280.0
10/24/2017 05:40:00,EDT,Wind,1013.0
10/24/2017 05:40:00,EDT,Hydro,2187.0
10/24/2017 05:45:00,EDT,Dual Fuel,2070.0
10/24/2017 05:45:00,EDT,Natural Gas,2318.0
10/24/2017 05:45:00,EDT,Nuclear,5349.0
10/24/2017 05:45:00,EDT,Other Fossil Fuels,0.0
10/24/2017 05:45:00,EDT,Other Renewables,280.0
10/24/2017 05:45:00,EDT,Wind,1021.0
10/24/2017 05:45:00,EDT,Hydro,2167.0
10/24/2017 05:50:00,EDT,Dual Fuel,2207.0
10/24/2017 05:50:00,EDT,Natural Gas,2363.0
10/24/2017 05:50:00,EDT,Nuclear,5345.0
10/24/2017 05:50:00,EDT,Other Fossil Fuels,0.0
10/24/2017 05:50:00,EDT,Other Renewables,279.0
10/24/2017 05:50:00,EDT,Wind,1029.0
10/24/2017 05:50:00,EDT,Hydro,2136.0
10/24/2017 05:55:00,EDT,Dual Fuel,2340.0
10/24/2017 05:55:00,EDT,Natural Gas,2400.0
10/24/2017 05:55:00,EDT,Nuclear,5348.0
10/24/2017 05:55:00,EDT,Other Fossil Fuels,0.0
10/24/2017 05:55:00,EDT,Other Renewables,281.0
10/24/2017 05:55:00,EDT,Wind,1030.0
10/24/2017 05:55:00,EDT,Hydro,2096.0
10/24/2017 06:00:00,EDT,Dual Fuel,2452.0
10/24/2017 06:00:00,EDT,Natural Gas,2416.0
10/24/2017 06:00:00,EDT,Nuclear,5355.0
10/24/2017 06:00:00,EDT,Other Fossil Fuels,0.0
10/24/2017 06:00:00,EDT,Other Renewables,278.0
10/24/2017 06:00:00,EDT,Wind,1035.0
10/24/2017 06:00:00,EDT,Hydro,2090.0
10/24/2017 06:05:00,EDT,Dual Fuel,2588.0
10/24/2017 06:05:00,EDT,Natural Gas,2466.0
10/24/2017 06:05:00,EDT,Nuclear,5355.0
10/24/2017 06:05:00,EDT,Other Fossil Fuels,0.0
10/24/2017 06:05:00,EDT,Other Renewables,276.0
10/24/2017 06:05:00,EDT,Wind,1025.0
10/24/2017 06:05:00,EDT,Hydro,2162.0
10/24/2017 06:10:00,EDT,Dual Fuel,2613.0
10/24/2017 06:10:00,EDT,Natural Gas,2492.0
10/24/2017 06:10:00,EDT,Nuclear,5357.0
10/24/2017 06:10:00,EDT,Other Fossil Fuels,0.0
10/24/2017 06:10:00,EDT,Other Renewables,280.0
10/24/2017 06:10:00,EDT,Wind,1010.0
10/24/2017 06:10:00,EDT,Hydro,2210.0
10/24/2017 06:15:00,EDT,Dual Fuel,2676.0
10/24/2017 06:15:00,EDT,Natural Gas,2506.0
10/24/2017 06:15:00,EDT,Nuclear,5356.0
10/24/2017 06:15:00,EDT,Other Fossil Fuels,0.0
10/24/2017 06:15:00,EDT,Other Renewables,284.0
10/24/2017 06:15:00,EDT,Wind,989.0
10/24/2017 06:15:00,EDT,Hydro,2289.0
10/24/2017 06:20:00,EDT,Dual Fuel,2833.0
10/24/2017 06:20:00,EDT,Natural Gas,2528.0
10/24/2017 06:20:00,EDT,Nuclear,5355.0
10/24/2017 06:20:00,EDT,Other Fossil Fuels,0.0
10/24/2017 06:20:00,EDT,Other Renewables,286.0
10/24/2017 06:20:00,EDT,Wind,952.0
10/24/2017 06:20:00,EDT,Hydro,2420.0
10/24/2017 06:25:00,EDT,Dual Fuel,2983.0
10/24/2017 06:25:00,EDT,Natural Gas,2544.0
10/24/2017 06:25:00,EDT,Nuclear,5357.0
10/24/2017 06:25:00,EDT,Other Fossil Fuels,0.0
10/24/2017 06:25:00,EDT,Other Renewables,287.0
10/24/2017 06:25:00,EDT,Wind,931.0
10/24/2017 06:25:00,EDT,Hydro,2478.0
10/24/2017 06:30:00,EDT,Dual Fuel,3085.0
10/24/2017 06:30:00,EDT,Natural Gas,2548.0
10/24/2017 06:30:00,EDT,Nuclear,5355.0
10/24/2017 06:30:00,EDT,Other Fossil Fuels,0.0
10/24/2017 06:30:00,EDT,Other Renewables,284.0
10/24/2017 06:30:00,EDT,Wind,930.0
10/24/2017 06:30:00,EDT,Hydro,2546.0
10/24/2017 06:35:00,EDT,Dual Fuel,3125.0
10/24/2017 06:35:00,EDT,Natural Gas,2589.0
10/24/2017 06:35:00,EDT,Nuclear,5354.0
10/24/2017 06:35:00,EDT,Other Fossil Fuels,0.0
10/24/2017 06:35:00,EDT,Other Renewables,277.0
10/24/2017 06:35:00,EDT,Wind,960.0
10/24/2017 06:35:00,EDT,Hydro,2611.0
10/24/2017 06:40:00,EDT,Dual Fuel,3181.0
10/24/2017 06:40:00,EDT,Natural Gas,2622.0
10/24/2017 06:40:00,EDT,Nuclear,5354.0
10/24/2017 06:40:00,EDT,Other Fossil Fuels,0.0
10/24/2017 06:40:00,EDT,Other Renewables,281.0
10/24/2017 06:40:00,EDT,Wind,994.0
10/24/2017 06:40:00,EDT,Hydro,2728.0
10/24/2017 06:45:00,EDT,Dual Fuel,3182.0
10/24/2017 06:45:00,EDT,Natural Gas,2620.0
10/24/2017 06:45:00,EDT,Nuclear,5354.0
10/24/2017 06:45:00,EDT,Other Fossil Fuels,0.0
10/24/2017 06:45:00,EDT,Other Renewables,277.0
10/24/2017 06:45:00,EDT,Wind,1049.0
10/24/2017 06:45:00,EDT,Hydro,2777.0
10/24/2017 06:50:00,EDT,Dual Fuel,3198.0
10/24/2017 06:50:00,EDT,Natural Gas,2632.0
10/24/2017 06:50:00,EDT,Nuclear,5356.0
10/24/2017 06:50:00,EDT,Other Fossil Fuels,0.0
10/24/2017 06:50:00,EDT,Other Renewables,276.0
10/24/2017 06:50:00,EDT,Wind,1068.0
10/24/2017 06:50:00,EDT,Hydro,2833.0
10/24/2017 06:55:00,EDT,Dual Fuel,3194.0
10/24/2017 06:55:00,EDT,Natural Gas,2655.0
10/24/2017 06:55:00,EDT,Nuclear,5358.0
10/24/2017 06:55:00,EDT,Other Fossil Fuels,0.0
10/24/2017 06:55:00,EDT,Other Renewables,276.0
10/24/2017 06:55:00,EDT,Wind,1082.0
10/24/2017 06:55:00,EDT,Hydro,2787.0
10/24/2017 07:00:00,EDT,Dual Fuel,3193.0
10/24/2017 07:00:00,EDT,Natural Gas,2692.0
10/24/2017 07:00:00,EDT,Nuclear,5357.0
10/24/2017 07:00:00,EDT,Other Fossil Fuels,0.0
10/24/2017 07:00:00,EDT,Other Renewables,275.0
10/24/2017 07:00:00,EDT,Wind,1083.0
10/24/2017 07:00:00,EDT,Hydro,2891.0
10/24/2017 07:05:00,EDT,Dual Fuel,3235.0
10/24/2017 07:05:00,EDT,Natural Gas,2727.0
10/24/2017 07:05:00,EDT,Nuclear,5361.0
10/24/2017 07:05:00,EDT,Other Fossil Fuels,0.0
10/24/2017 07:05:00,EDT,Other Renewables,278.0
10/24/2017 07:05:00,EDT,Wind,1091.0
10/24/2017 07:05:00,EDT,Hydro,3070.0
10/24/2017 07:10:00,EDT,Dual Fuel,3325.0
10/24/2017 07:10:00,EDT,Natural Gas,2766.0
10/24/2017 07:10:00,EDT,Nuclear,5358.0
10/24/2017 07:10:00,EDT,Other Fossil Fuels,0.0
10/24/2017 07:10:00,EDT,Other Renewables,280.0
10/24/2017 07:10:00,EDT,Wind,1104.0
10/24/2017 07:10:00,EDT,Hydro,3190.0
10/24/2017 07:15:00,EDT,Dual Fuel,3298.0
10/24/2017 07:15:00,EDT,Natural Gas,2787.0
10/24/2017 07:15:00,EDT,Nuclear,5357.0
10/24/2017 07:15:00,EDT,Other Fossil Fuels,0.0
10/24/2017 07:15:00,EDT,Other Renewables,277.0
10/24/2017 07:15:00,EDT,Wind,1162.0
10/24/2017 07:15:00,EDT,Hydro,3222.0
10/24/2017 07:20:00,EDT,Dual Fuel,3236.0
10/24/2017 07:20:00,EDT,Natural Gas,2815.0
10/24/2017 07:20:00,EDT,Nuclear,5358.0
10/24/2017 07:20:00,EDT,Other Fossil Fuels,0.0
10/24/2017 07:20:00,EDT,Other Renewables,273.0
10/24/2017 07:20:00,EDT,Wind,1214.0
10/24/2017 07:20:00,EDT,Hydro,3305.0
10/24/2017 07:25:00,EDT,Dual Fuel,3266.0
10/24/2017 07:25:00,EDT,Natural Gas,2824.0
10/24/2017 07:25:00,EDT,Nuclear,5359.0
10/24/2017 07:25:00,EDT,Other Fossil Fuels,0.0
10/24/2017 07:25:00,EDT,Other Renewables,273.0
10/24/2017 07:25:00,EDT,Wind,1181.0
10/24/2017 07:25:00,EDT,Hydro,3438.0
10/24/2017 07:30:00,EDT,Dual Fuel,3324.0
10/24/2017 07:30:00,EDT,Natural Gas,2884.0
10/24/2017 07:30:00,EDT,Nuclear,5361.0
10/24/2017 07:30:00,EDT,Other Fossil Fuels,0.0
10/24/2017 07:30:00,EDT,Other Renewables,272.0
10/24/2017 07:30:00,EDT,Wind,987.0
10/24/2017 07:30:00,EDT,Hydro,3528.0
10/24/2017 07:35:00,EDT,Dual Fuel,3366.0
10/24/2017 07:35:00,EDT,Natural Gas,2911.0
10/24/2017 07:35:00,EDT,Nuclear,5360.0
10/24/2017 07:35:00,EDT,Other Fossil Fuels,0.0
10/24/2017 07:35:00,EDT,Other Renewables,277.0
10/24/2017 07:35:00,EDT,Wind,877.0
10/24/2017 07:35:00,EDT,Hydro,3513.0
10/24/2017 07:40:00,EDT,Dual Fuel,3310.0
10/24/2017 07:40:00,EDT,Natural Gas,2906.0
10/24/2017 07:40:00,EDT,Nuclear,5358.0
10/24/2017 07:40:00,EDT,Other Fossil Fuels,0.0
10/24/2017 07:40:00,EDT,Other Renewables,277.0
10/24/2017 07:40:00,EDT,Wind,995.0
10/24/2017 07:40:00,EDT,Hydro,3551.0
10/24/2017 07:45:00,EDT,Dual Fuel,3321.0
10/24/2017 07:45:00,EDT,Natural Gas,2909.0
10/24/2017 07:45:00,EDT,Nuclear,5360.0
10/24/2017 07:45:00,EDT,Other Fossil Fuels,0.0
10/24/2017 07:45:00,EDT,Other Renewables,270.0
10/24/2017 07:45:00,EDT,Wind,1064.0
10/24/2017 07:45:00,EDT,Hydro,3571.0
10/24/2017 07:50:00,EDT,Dual Fuel,3315.0
10/24/2017 07:50:00,EDT,Natural Gas,2917.0
10/24/2017 07:50:00,EDT,Nuclear,5359.0
10/24/2017 07:50:00,EDT,Other Fossil Fuels,0.0
10/24/2017 07:50:00,EDT,Other Renewables,269.0
10/24/2017 07:50:00,EDT,Wind,1106.0
10/24/2017 07:50:00,EDT,Hydro,3488.0
10/24/2017 07:55:00,EDT,Dual Fuel,3344.0
10/24/2017 07:55:00,EDT,Natural Gas,2961.0
10/24/2017 07:55:00,EDT,Nuclear,5358.0
10/24/2017 07:55:00,EDT,Other Fossil Fuels,0.0
10/24/2017 07:55:00,EDT,Other Renewables,277.0
10/24/2017 07:55:00,EDT,Wind,1106.0
10/24/2017 07:55:00,EDT,Hydro,3408.0
10/24/2017 08:00:00,EDT,Dual Fuel,3378.0
10/24/2017 08:00:00,EDT,Natural Gas,2996.0
10/24/2017 08:00:00,EDT,Nuclear,5358.0
10/24/2017 08:00:00,EDT,Other Fossil Fuels,0.0
10/24/2017 08:00:00,EDT,Other Renewables,277.0
10/24/2017 08:00:00,EDT,Wind,1086.0
10/24/2017 08:00:00,EDT,Hydro,3323.0
10/24/2017 08:05:00,EDT,Dual Fuel,3410.0
10/24/2017 08:05:00,EDT,Natural Gas,3020.0
10/24/2017 08:05:00,EDT,Nuclear,5360.0
10/24/2017 08:05:00,EDT,Other Fossil Fuels,0.0
10/24/2017 08:05:00,EDT,Other Renewables,280.0
10/24/2017 08:05:00,EDT,Wind,1060.0
10/24/2017 08:05:00,EDT,Hydro,3331.0
10/24/2017 08:10:00,EDT,Dual Fuel,3453.0
10/24/2017 08:10:00,EDT,Natural Gas,3020.0
10/24/2017 08:10:00,EDT,Nuclear,5361.0
10/24/2017 08:10:00,EDT,Other Fossil Fuels,0.0
10/24/2017 08:10:00,EDT,Other Renewables,277.0
10/24/2017 08:10:00,EDT,Wind,1048.0
10/24/2017 08:10:00,EDT,Hydro,3437.0
10/24/2017 08:15:00,EDT,Dual Fuel,3487.0
10/24/2017 08:15:00,EDT,Natural Gas,3048.0
10/24/2017 08:15:00,EDT,Nuclear,5359.0
10/24/2017 08:15:00,EDT,Other Fossil Fuels,0.0
10/24/2017 08:15:00,EDT,Other Renewables,279.0
10/24/2017 08:15:00,EDT,Wind,1052.0
10/24/2017 08:15:00,EDT,Hydro,3458.0
10/24/2017 08:20:00,EDT,Dual Fuel,3535.0
10/24/2017 08:20:00,EDT,Natural Gas,3066.0
10/24/2017 08:20:00,EDT,Nuclear,5357.0
10/24/2017 08:20:00,EDT,Other Fossil Fuels,0.0
10/24/2017 08:20:00,EDT,Other Renewables,280.0
10/24/2017 08:20:00,EDT,Wind,1058.0
10/24/2017 08:20:00,EDT,Hydro,3446.0
10/24/2017 08:25:00,EDT,Dual Fuel,3541.0
10/24/2017 08:25:00,EDT,Natural Gas,3066.0
10/24/2017 08:25:00,EDT,Nuclear,5359.0
10/24/2017 08:25:00,EDT,Other Fossil Fuels,0.0
10/24/2017 08:25:00,EDT,Other Renewables,283.0
10/24/2017 08:25:00,EDT,Wind,1059.0
10/24/2017 08:25:00,EDT,Hydro,3477.0
10/24/2017 08:30:00,EDT,Dual Fuel,3500.0
10/24/2017 08:30:00,EDT,Natural Gas,3069.0
10/24/2017 08:30:00,EDT,Nuclear,5360.0
10/24/2017 08:30:00,EDT,Other Fossil Fuels,0.0
10/24/2017 08:30:00,EDT,Other Renewables,287.0
10/24/2017 08:30:00,EDT,Wind,1055.0
10/24/2017 08:30:00,EDT,Hydro,3487.0
10/24/2017 08:33:58,EDT,Dual Fuel,3516.0
10/24/2017 08:33:58,EDT,Natural Gas,3075.0
10/24/2017 08:33:58,EDT,Nuclear,5361.0
10/24/2017 08:33:58,EDT,Other Fossil Fuels,0.0
10/24/2017 08:33:58,EDT,Other Renewables,286.0
10/24/2017 08:33:58,EDT,Wind,1060.0
10/24/2017 08:33:58,EDT,Hydro,3388.0
10/24/2017 08:35:00,EDT,Dual Fuel,3546.0
10/24/2017 08:35:00,EDT,Natural Gas,3082.0
10/24/2017 08:35:00,EDT,Nuclear,5359.0
10/24/2017 08:35:00,EDT,Other Fossil Fuels,0.0
10/24/2017 08:35:00,EDT,Other Renewables,288.0
10/24/2017 08:35:00,EDT,Wind,1070.0
10/24/2017 08:35:00,EDT,Hydro,3413.0
10/24/2017 08:36:04,EDT,Dual Fuel,3568.0
10/24/2017 08:36:04,EDT,Natural Gas,3086.0
10/24/2017 08:36:04,EDT,Nuclear,5361.0
10/24/2017 08:36:04,EDT,Other Fossil Fuels,0.0
10/24/2017 08:36:04,EDT,Other Renewables,290.0
10/24/2017 08:36:04,EDT,Wind,1067.0
10/24/2017 08:36:04,EDT,Hydro,3425.0
10/24/2017 08:40:00,EDT,Dual Fuel,3631.0
10/24/2017 08:40:00,EDT,Natural Gas,3094.0
10/24/2017 08:40:00,EDT,Nuclear,5360.0
10/24/2017 08:40:00,EDT,Other Fossil Fuels,1.0
10/24/2017 08:40:00,EDT,Other Renewables,287.0
10/24/2017 08:40:00,EDT,Wind,1060.0
10/24/2017 08:40:00,EDT,Hydro,3426.0
10/24/2017 08:45:00,EDT,Dual Fuel,3691.0
10/24/2017 08:45:00,EDT,Natural Gas,3101.0
10/24/2017 08:45:00,EDT,Nuclear,5362.0
10/24/2017 08:45:00,EDT,Other Fossil Fuels,27.0
10/24/2017 08:45:00,EDT,Other Renewables,280.0
10/24/2017 08:45:00,EDT,Wind,1029.0
10/24/2017 08:45:00,EDT,Hydro,3434.0
10/24/2017 08:50:00,EDT,Dual Fuel,3848.0
10/24/2017 08:50:00,EDT,Natural Gas,3116.0
10/24/2017 08:50:00,EDT,Nuclear,5358.0
10/24/2017 08:50:00,EDT,Other Fossil Fuels,48.0
10/24/2017 08:50:00,EDT,Other Renewables,284.0
10/24/2017 08:50:00,EDT,Wind,1013.0
10/24/2017 08:50:00,EDT,Hydro,3412.0
10/24/2017 08:55:00,EDT,Dual Fuel,3890.0
10/24/2017 08:55:00,EDT,Natural Gas,3128.0
10/24/2017 08:55:00,EDT,Nuclear,5359.0
10/24/2017 08:55:00,EDT,Other Fossil Fuels,48.0
10/24/2017 08:55:00,EDT,Other Renewables,285.0
10/24/2017 08:55:00,EDT,Wind,1000.0
10/24/2017 08:55:00,EDT,Hydro,3319.0
10/24/2017 09:00:00,EDT,Dual Fuel,3997.0
10/24/2017 09:00:00,EDT,Natural Gas,3132.0
10/24/2017 09:00:00,EDT,Nuclear,5361.0
10/24/2017 09:00:00,EDT,Other Fossil Fuels,48.0
10/24/2017 09:00:00,EDT,Other Renewables,288.0
10/24/2017 09:00:00,EDT,Wind,964.0
10/24/2017 09:00:00,EDT,Hydro,3294.0
10/24/2017 09:05:00,EDT,Dual Fuel,3977.0
10/24/2017 09:05:00,EDT,Natural Gas,3124.0
10/24/2017 09:05:00,EDT,Nuclear,5361.0
10/24/2017 09:05:00,EDT,Other Fossil Fuels,47.0
10/24/2017 09:05:00,EDT,Other Renewables,285.0
10/24/2017 09:05:00,EDT,Wind,944.0
10/24/2017 09:05:00,EDT,Hydro,3289.0
10/24/2017 09:10:00,EDT,Dual Fuel,4058.0
10/24/2017 09:10:00,EDT,Natural Gas,3112.0
10/24/2017 09:10:00,EDT,Nuclear,5359.0
10/24/2017 09:10:00,EDT,Other Fossil Fuels,47.0
10/24/2017 09:10:00,EDT,Other Renewables,288.0
10/24/2017 09:10:00,EDT,Wind,914.0
10/24/2017 09:10:00,EDT,Hydro,3288.0
10/24/2017 09:15:00,EDT,Dual Fuel,4128.0
10/24/2017 09:15:00,EDT,Natural Gas,3232.0
10/24/2017 09:15:00,EDT,Nuclear,5362.0
10/24/2017 09:15:00,EDT,Other Fossil Fuels,47.0
10/24/2017 09:15:00,EDT,Other Renewables,288.0
10/24/2017 09:15:00,EDT,Wind,934.0
10/24/2017 09:15:00,EDT,Hydro,3251.0
10/24/2017 09:20:00,EDT,Dual Fuel,4044.0
10/24/2017 09:20:00,EDT,Natural Gas,3369.0
10/24/2017 09:20:00,EDT,Nuclear,5359.0
10/24/2017 09:20:00,EDT,Other Fossil Fuels,47.0
10/24/2017 09:20:00,EDT,Other Renewables,283.0
10/24/2017 09:20:00,EDT,Wind,957.0
10/24/2017 09:20:00,EDT,Hydro,3153.0
10/24/2017 09:25:00,EDT,Dual Fuel,3963.0
10/24/2017 09:25:00,EDT,Natural Gas,3379.0
10/24/2017 09:25:00,EDT,Nuclear,5360.0
10/24/2017 09:25:00,EDT,Other Fossil Fuels,47.0
10/24/2017 09:25:00,EDT,Other Renewables,281.0
10/24/2017 09:25:00,EDT,Wind,967.0
10/24/2017 09:25:00,EDT,Hydro,3085.0
10/24/2017 09:30:00,EDT,Dual Fuel,3955.0
10/24/2017 09:30:00,EDT,Natural Gas,3374.0
10/24/2017 09:30:00,EDT,Nuclear,5360.0
10/24/2017 09:30:00,EDT,Other Fossil Fuels,47.0
10/24/2017 09:30:00,EDT,Other Renewables,287.0
10/24/2017 09:30:00,EDT,Wind,986.0
10/24/2017 09:30:00,EDT,Hydro,3095.0
10/24/2017 09:35:00,EDT,Dual Fuel,3902.0
10/24/2017 09:35:00,EDT,Natural Gas,3352.0
10/24/2017 09:35:00,EDT,Nuclear,5357.0
10/24/2017 09:35:00,EDT,Other Fossil Fuels,47.0
10/24/2017 09:35:00,EDT,Other Renewables,289.0
10/24/2017 09:35:00,EDT,Wind,976.0
10/24/2017 09:35:00,EDT,Hydro,3111.0
10/24/2017 09:40:00,EDT,Dual Fuel,3951.0
10/24/2017 09:40:00,EDT,Natural Gas,3347.0
10/24/2017 09:40:00,EDT,Nuclear,5358.0
10/24/2017 09:40:00,EDT,Other Fossil Fuels,47.0
10/24/2017 09:40:00,EDT,Other Renewables,289.0
10/24/2017 09:40:00,EDT,Wind,964.0
10/24/2017 09:40:00,EDT,Hydro,3148.0
10/24/2017 09:45:00,EDT,Dual Fuel,3907.0
10/24/2017 09:45:00,EDT,Natural Gas,3356.0
10/24/2017 09:45:00,EDT,Nuclear,5358.0
10/24/2017 09:45:00,EDT,Other Fossil Fuels,47.0
10/24/2017 09:45:00,EDT,Other Renewables,287.0
10/24/2017 09:45:00,EDT,Wind,953.0
10/24/2017 09:45:00,EDT,Hydro,3150.0
10/24/2017 09:50:00,EDT,Dual Fuel,3793.0
10/24/2017 09:50:00,EDT,Natural Gas,3364.0
10/24/2017 09:50:00,EDT,Nuclear,5358.0
10/24/2017 09:50:00,EDT,Other Fossil Fuels,49.0
10/24/2017 09:50:00,EDT,Other Renewables,287.0
10/24/2017 09:50:00,EDT,Wind,940.0
10/24/2017 09:50:00,EDT,Hydro,3242.0
10/24/2017 09:55:00,EDT,Dual Fuel,3886.0
10/24/2017 09:55:00,EDT,Natural Gas,3406.0
10/24/2017 09:55:00,EDT,Nuclear,5359.0
10/24/2017 09:55:00,EDT,Other Fossil Fuels,53.0
10/24/2017 09:55:00,EDT,Other Renewables,286.0
10/24/2017 09:55:00,EDT,Wind,942.0
10/24/2017 09:55:00,EDT,Hydro,3268.0
10/24/2017 10:00:00,EDT,Dual Fuel,4003.0
10/24/2017 10:00:00,EDT,Natural Gas,3425.0
10/24/2017 10:00:00,EDT,Nuclear,5356.0
10/24/2017 10:00:00,EDT,Other Fossil Fuels,52.0
10/24/2017 10:00:00,EDT,Other Renewables,280.0
10/24/2017 10:00:00,EDT,Wind,922.0
10/24/2017 10:00:00,EDT,Hydro,3257.0
10/24/2017 10:05:00,EDT,Dual Fuel,3971.0
10/24/2017 10:05:00,EDT,Natural Gas,3434.0
10/24/2017 10:05:00,EDT,Nuclear,5359.0
10/24/2017 10:05:00,EDT,Other Fossil Fuels,52.0
10/24/2017 10:05:00,EDT,Other Renewables,286.0
10/24/2017 10:05:00,EDT,Wind,896.0
10/24/2017 10:05:00,EDT,Hydro,3338.0
10/24/2017 10:10:00,EDT,Dual Fuel,3941.0
10/24/2017 10:10:00,EDT,Natural Gas,3434.0
10/24/2017 10:10:00,EDT,Nuclear,5358.0
10/24/2017 10:10:00,EDT,Other Fossil Fuels,53.0
10/24/2017 10:10:00,EDT,Other Renewables,287.0
10/24/2017 10:10:00,EDT,Wind,922.0
10/24/2017 10:10:00,EDT,Hydro,3359.0
10/24/2017 10:15:00,EDT,Dual Fuel,3968.0
10/24/2017 10:15:00,EDT,Natural Gas,3459.0
10/24/2017 10:15:00,EDT,Nuclear,5359.0
10/24/2017 10:15:00,EDT,Other Fossil Fuels,52.0
10/24/2017 10:15:00,EDT,Other Renewables,289.0
10/24/2017 10:15:00,EDT,Wind,945.0
10/24/2017 10:15:00,EDT,Hydro,3372.0
10/24/2017 10:20:00,EDT,Dual Fuel,3900.0
10/24/2017 10:20:00,EDT,Natural Gas,3494.0
10/24/2017 10:20:00,EDT,Nuclear,5357.0
10/24/2017 10:20:00,EDT,Other Fossil Fuels,52.0
10/24/2017 10:20:00,EDT,Other Renewables,294.0
10/24/2017 10:20:00,EDT,Wind,976.0
10/24/2017 10:20:00,EDT,Hydro,3335.0
10/24/2017 10:25:00,EDT,Dual Fuel,3819.0
10/24/2017 10:25:00,EDT,Natural Gas,3504.0
10/24/2017 10:25:00,EDT,Nuclear,5359.0
10/24/2017 10:25:00,EDT,Other Fossil Fuels,52.0
10/24/2017 10:25:00,EDT,Other Renewables,292.0
10/24/2017 10:25:00,EDT,Wind,976.0
10/24/2017 10:25:00,EDT,Hydro,3362.0
10/24/2017 10:30:00,EDT,Dual Fuel,3822.0
10/24/2017 10:30:00,EDT,Natural Gas,3481.0
10/24/2017 10:30:00,EDT,Nuclear,5356.0
10/24/2017 10:30:00,EDT,Other Fossil Fuels,52.0
10/24/2017 10:30:00,EDT,Other Renewables,294.0
10/24/2017 10:30:00,EDT,Wind,975.0
10/24/2017 10:30:00,EDT,Hydro,3459.0
10/24/2017 10:35:00,EDT,Dual Fuel,3904.0
10/24/2017 10:35:00,EDT,Natural Gas,3455.0
10/24/2017 10:35:00,EDT,Nuclear,5358.0
10/24/2017 10:35:00,EDT,Other Fossil Fuels,52.0
10/24/2017 10:35:00,EDT,Other Renewables,290.0
10/24/2017 10:35:00,EDT,Wind,953.0
10/24/2017 10:35:00,EDT,Hydro,3518.0
10/24/2017 10:35:52,EDT,Dual Fuel,3966.0
10/24/2017 10:35:52,EDT,Natural Gas,3447.0
10/24/2017 10:35:52,EDT,Nuclear,5356.0
10/24/2017 10:35:52,EDT,Other Fossil Fuels,52.0
10/24/2017 10:35:52,EDT,Other Renewables,292.0
10/24/2017 10:35:52,EDT,Wind,894.0
10/24/2017 10:35:52,EDT,Hydro,3474.0
10/24/2017 10:40:00,EDT,Dual Fuel,4037.0
10/24/2017 10:40:00,EDT,Natural Gas,3456.0
10/24/2017 10:40:00,EDT,Nuclear,5356.0
10/24/2017 10:40:00,EDT,Other Fossil Fuels,52.0
10/24/2017 10:40:00,EDT,Other Renewables,297.0
10/24/2017 10:40:00,EDT,Wind,870.0
10/24/2017 10:40:00,EDT,Hydro,3512.0
10/24/2017 10:43:58,EDT,Dual Fuel,4100.0
10/24/2017 10:43:58,EDT,Natural Gas,3467.0
10/24/2017 10:43:58,EDT,Nuclear,5361.0
10/24/2017 10:43:58,EDT,Other Fossil Fuels,52.0
10/24/2017 10:43:58,EDT,Other Renewables,301.0
10/24/2017 10:43:58,EDT,Wind,861.0
10/24/2017 10:43:58,EDT,Hydro,3535.0
10/24/2017 10:45:00,EDT,Dual Fuel,4104.0
10/24/2017 10:45:00,EDT,Natural Gas,3469.0
10/24/2017 10:45:00,EDT,Nuclear,5362.0
10/24/2017 10:45:00,EDT,Other Fossil Fuels,52.0
10/24/2017 10:45:00,EDT,Other Renewables,296.0
10/24/2017 10:45:00,EDT,Wind,832.0
10/24/2017 10:45:00,EDT,Hydro,3537.0
10/24/2017 10:50:00,EDT,Dual Fuel,4157.0
10/24/2017 10:50:00,EDT,Natural Gas,3469.0
10/24/2017 10:50:00,EDT,Nuclear,5357.0
10/24/2017 10:50:00,EDT,Other Fossil Fuels,52.0
10/24/2017 10:50:00,EDT,Other Renewables,292.0
10/24/2017 10:50:00,EDT,Wind,824.0
10/24/2017 10:50:00,EDT,Hydro,3590.0
10/24/2017 10:55:00,EDT,Dual Fuel,4227.0
10/24/2017 10:55:00,EDT,Natural Gas,3476.0
10/24/2017 10:55:00,EDT,Nuclear,5354.0
10/24/2017 10:55:00,EDT,Other Fossil Fuels,52.0
10/24/2017 10:55:00,EDT,Other Renewables,290.0
10/24/2017 10:55:00,EDT,Wind,791.0
10/24/2017 10:55:00,EDT,Hydro,3580.0
10/24/2017 11:00:00,EDT,Dual Fuel,4291.0
10/24/2017 11:00:00,EDT,Natural Gas,3492.0
10/24/2017 11:00:00,EDT,Nuclear,5351.0
10/24/2017 11:00:00,EDT,Other Fossil Fuels,52.0
10/24/2017 11:00:00,EDT,Other Renewables,298.0
10/24/2017 11:00:00,EDT,Wind,783.0
10/24/2017 11:00:00,EDT,Hydro,3555.0
10/24/2017 11:05:00,EDT,Dual Fuel,4306.0
10/24/2017 11:05:00,EDT,Natural Gas,3570.0
10/24/2017 11:05:00,EDT,Nuclear,5351.0
10/24/2017 11:05:00,EDT,Other Fossil Fuels,51.0
10/24/2017 11:05:00,EDT,Other Renewables,303.0
10/24/2017 11:05:00,EDT,Wind,780.0
10/24/2017 11:05:00,EDT,Hydro,3614.0
10/24/2017 11:10:00,EDT,Dual Fuel,4360.0
10/24/2017 11:10:00,EDT,Natural Gas,3632.0
10/24/2017 11:10:00,EDT,Nuclear,5348.0
10/24/2017 11:10:00,EDT,Other Fossil Fuels,47.0
10/24/2017 11:10:00,EDT,Other Renewables,301.0
10/24/2017 11:10:00,EDT,Wind,786.0
10/24/2017 11:10:00,EDT,Hydro,3613.0
10/24/2017 11:15:00,EDT,Dual Fuel,4398.0
10/24/2017 11:15:00,EDT,Natural Gas,3655.0
10/24/2017 11:15:00,EDT,Nuclear,5346.0
10/24/2017 11:15:00,EDT,Other Fossil Fuels,47.0
10/24/2017 11:15:00,EDT,Other Renewables,298.0
10/24/2017 11:15:00,EDT,Wind,783.0
10/24/2017 11:15:00,EDT,Hydro,3632.0
10/24/2017 11:20:00,EDT,Dual Fuel,4366.0
10/24/2017 11:20:00,EDT,Natural Gas,3650.0
10/24/2017 11:20:00,EDT,Nuclear,5349.0
10/24/2017 11:20:00,EDT,Other Fossil Fuels,47.0
10/24/2017 11:20:00,EDT,Other Renewables,295.0
10/24/2017 11:20:00,EDT,Wind,790.0
10/24/2017 11:20:00,EDT,Hydro,3621.0
10/24/2017 11:25:00,EDT,Dual Fuel,4378.0
10/24/2017 11:25:00,EDT,Natural Gas,3645.0
10/24/2017 11:25:00,EDT,Nuclear,5345.0
10/24/2017 11:25:00,EDT,Other Fossil Fuels,47.0
10/24/2017 11:25:00,EDT,Other Renewables,291.0
10/24/2017 11:25:00,EDT,Wind,815.0
10/24/2017 11:25:00,EDT,Hydro,3499.0
10/24/2017 11:30:00,EDT,Dual Fuel,4447.0
10/24/2017 11:30:00,EDT,Natural Gas,3649.0
10/24/2017 11:30:00,EDT,Nuclear,5345.0
10/24/2017 11:30:00,EDT,Other Fossil Fuels,47.0
10/24/2017 11:30:00,EDT,Other Renewables,288.0
10/24/2017 11:30:00,EDT,Wind,809.0
10/24/2017 11:30:00,EDT,Hydro,3351.0
10/24/2017 11:35:00,EDT,Dual Fuel,4461.0
10/24/2017 11:35:00,EDT,Natural Gas,3652.0
10/24/2017 11:35:00,EDT,Nuclear,5345.0
10/24/2017 11:35:00,EDT,Other Fossil Fuels,47.0
10/24/2017 11:35:00,EDT,Other Renewables,299.0
10/24/2017 11:35:00,EDT,Wind,777.0
10/24/2017 11:35:00,EDT,Hydro,3316.0
10/24/2017 11:40:00,EDT,Dual Fuel,4450.0
10/24/2017 11:40:00,EDT,Natural Gas,3651.0
10/24/2017 11:40:00,EDT,Nuclear,5342.0
10/24/2017 11:40:00,EDT,Other Fossil Fuels,47.0
10/24/2017 11:40:00,EDT,Other Renewables,299.0
10/24/2017 11:40:00,EDT,Wind,725.0
10/24/2017 11:40:00,EDT,Hydro,3339.0
10/24/2017 11:45:00,EDT,Dual Fuel,4448.0
10/24/2017 11:45:00,EDT,Natural Gas,3658.0
10/24/2017 11:45:00,EDT,Nuclear,5343.0
10/24/2017 11:45:00,EDT,Other Fossil Fuels,25.0
10/24/2017 11:45:00,EDT,Other Renewables,301.0
10/24/2017 11:45:00,EDT,Wind,714.0
10/24/2017 11:45:00,EDT,Hydro,3353.0
10/24/2017 11:50:00,EDT,Dual Fuel,4467.0
10/24/2017 11:50:00,EDT,Natural Gas,3665.0
10/24/2017 11:50:00,EDT,Nuclear,5343.0
10/24/2017 11:50:00,EDT,Other Fossil Fuels,0.0
10/24/2017 11:50:00,EDT,Other Renewables,293.0
10/24/2017 11:50:00,EDT,Wind,689.0
10/24/2017 11:50:00,EDT,Hydro,3397.0
10/24/2017 11:55:00,EDT,Dual Fuel,4519.0
10/24/2017 11:55:00,EDT,Natural Gas,3667.0
10/24/2017 11:55:00,EDT,Nuclear,5343.0
10/24/2017 11:55:00,EDT,Other Fossil Fuels,0.0
10/24/2017 11:55:00,EDT,Other Renewables,293.0
10/24/2017 11:55:00,EDT,Wind,675.0
10/24/2017 11:55:00,EDT,Hydro,3419.0
10/24/2017 12:00:00,EDT,Dual Fuel,4573.0
10/24/2017 12:00:00,EDT,Natural Gas,3672.0
10/24/2017 12:00:00,EDT,Nuclear,5352.0
10/24/2017 12:00:00,EDT,Other Fossil Fuels,0.0
10/24/2017 12:00:00,EDT,Other Renewables,299.0
10/24/2017 12:00:00,EDT,Wind,651.0
10/24/2017 12:00:00,EDT,Hydro,3341.0
10/24/2017 12:05:00,EDT,Dual Fuel,4638.0
10/24/2017 12:05:00,EDT,Natural Gas,3671.0
10/24/2017 12:05:00,EDT,Nuclear,5353.0
10/24/2017 12:05:00,EDT,Other Fossil Fuels,0.0
10/24/2017 12:05:00,EDT,Other Renewables,292.0
10/24/2017 12:05:00,EDT,Wind,604.0
10/24/2017 12:05:00,EDT,Hydro,3086.0
10/24/2017 12:10:00,EDT,Dual Fuel,4640.0
10/24/2017 12:10:00,EDT,Natural Gas,3668.0
10/24/2017 12:10:00,EDT,Nuclear,5353.0
10/24/2017 12:10:00,EDT,Other Fossil Fuels,0.0
10/24/2017 12:10:00,EDT,Other Renewables,289.0
10/24/2017 12:10:00,EDT,Wind,571.0
10/24/2017 12:10:00,EDT,Hydro,3117.0
10/24/2017 12:15:00,EDT,Dual Fuel,4630.0
10/24/2017 12:15:00,EDT,Natural Gas,3673.0
10/24/2017 12:15:00,EDT,Nuclear,5350.0
10/24/2017 12:15:00,EDT,Other Fossil Fuels,0.0
10/24/2017 12:15:00,EDT,Other Renewables,290.0
10/24/2017 12:15:00,EDT,Wind,524.0
10/24/2017 12:15:00,EDT,Hydro,3115.0
10/24/2017 12:20:00,EDT,Dual Fuel,4602.0
10/24/2017 12:20:00,EDT,Natural Gas,3646.0
10/24/2017 12:20:00,EDT,Nuclear,5349.0
10/24/2017 12:20:00,EDT,Other Fossil Fuels,12.0
10/24/2017 12:20:00,EDT,Other Renewables,295.0
10/24/2017 12:20:00,EDT,Wind,511.0
10/24/2017 12:20:00,EDT,Hydro,3138.0
10/24/2017 12:25:00,EDT,Dual Fuel,4551.0
10/24/2017 12:25:00,EDT,Natural Gas,3655.0
10/24/2017 12:25:00,EDT,Nuclear,5350.0
10/24/2017 12:25:00,EDT,Other Fossil Fuels,44.0
10/24/2017 12:25:00,EDT,Other Renewables,298.0
10/24/2017 12:25:00,EDT,Wind,531.0
10/24/2017 12:25:00,EDT,Hydro,3138.0
10/24/2017 12:30:00,EDT,Dual Fuel,4501.0
10/24/2017 12:30:00,EDT,Natural Gas,3668.0
10/24/2017 12:30:00,EDT,Nuclear,5347.0
10/24/2017 12:30:00,EDT,Other Fossil Fuels,48.0
10/24/2017 12:30:00,EDT,Other Renewables,295.0
10/24/2017 12:30:00,EDT,Wind,528.0
10/24/2017 12:30:00,EDT,Hydro,3135.0
10/24/2017 12:35:00,EDT,Dual Fuel,4395.0
10/24/2017 12:35:00,EDT,Natural Gas,3670.0
10/24/2017 12:35:00,EDT,Nuclear,5349.0
10/24/2017 12:35:00,EDT,Other Fossil Fuels,47.0
10/24/2017 12:35:00,EDT,Other Renewables,293.0
10/24/2017 12:35:00,EDT,Wind,512.0
10/24/2017 12:35:00,EDT,Hydro,3151.0
10/24/2017 12:40:00,EDT,Dual Fuel,4425.0
10/24/2017 12:40:00,EDT,Natural Gas,3669.0
10/24/2017 12:40:00,EDT,Nuclear,5349.0
10/24/2017 12:40:00,EDT,Other Fossil Fuels,47.0
10/24/2017 12:40:00,EDT,Other Renewables,295.0
10/24/2017 12:40:00,EDT,Wind,482.0
10/24/2017 12:40:00,EDT,Hydro,3188.0
10/24/2017 12:45:00,EDT,Dual Fuel,4418.0
10/24/2017 12:45:00,EDT,Natural Gas,3666.0
10/24/2017 12:45:00,EDT,Nuclear,5349.0
10/24/2017 12:45:00,EDT,Other Fossil Fuels,47.0
10/24/2017 12:45:00,EDT,Other Renewables,292.0
10/24/2017 12:45:00,EDT,Wind,457.0
10/24/2017 12:45:00,EDT,Hydro,3252.0
10/24/2017 12:50:00,EDT,Dual Fuel,4509.0
10/24/2017 12:50:00,EDT,Natural Gas,3661.0
10/24/2017 12:50:00,EDT,Nuclear,5350.0
10/24/2017 12:50:00,EDT,Other Fossil Fuels,47.0
10/24/2017 12:50:00,EDT,Other Renewables,286.0
10/24/2017 12:50:00,EDT,Wind,447.0
10/24/2017 12:50:00,EDT,Hydro,3239.0
10/24/2017 12:55:00,EDT,Dual Fuel,4579.0
10/24/2017 12:55:00,EDT,Natural Gas,3651.0
10/24/2017 12:55:00,EDT,Nuclear,5350.0
10/24/2017 12:55:00,EDT,Other Fossil Fuels,46.0
10/24/2017 12:55:00,EDT,Other Renewables,287.0
10/24/2017 12:55:00,EDT,Wind,451.0
10/24/2017 12:55:00,EDT,Hydro,3208.0
10/24/2017 13:00:00,EDT,Dual Fuel,4592.0
10/24/2017 13:00:00,EDT,Natural Gas,3649.0
10/24/2017 13:00:00,EDT,Nuclear,5348.0
10/24/2017 13:00:00,EDT,Other Fossil Fuels,13.0
10/24/2017 13:00:00,EDT,Other Renewables,295.0
10/24/2017 13:00:00,EDT,Wind,437.0
10/24/2017 13:00:00,EDT,Hydro,3225.0
10/24/2017 13:05:00,EDT,Dual Fuel,4485.0
10/24/2017 13:05:00,EDT,Natural Gas,3660.0
10/24/2017 13:05:00,EDT,Nuclear,5352.0
10/24/2017 13:05:00,EDT,Other Fossil Fuels,0.0
10/24/2017 13:05:00,EDT,Other Renewables,299.0
10/24/2017 13:05:00,EDT,Wind,454.0
10/24/2017 13:05:00,EDT,Hydro,3273.0
10/24/2017 13:10:00,EDT,Dual Fuel,4369.0
10/24/2017 13:10:00,EDT,Natural Gas,3672.0
10/24/2017 13:10:00,EDT,Nuclear,5350.0
10/24/2017 13:10:00,EDT,Other Fossil Fuels,0.0
10/24/2017 13:10:00,EDT,Other Renewables,303.0
10/24/2017 13:10:00,EDT,Wind,487.0
10/24/2017 13:10:00,EDT,Hydro,3274.0
10/24/2017 13:15:00,EDT,Dual Fuel,4366.0
10/24/2017 13:15:00,EDT,Natural Gas,3669.0
10/24/2017 13:15:00,EDT,Nuclear,5349.0
10/24/2017 13:15:00,EDT,Other Fossil Fuels,0.0
10/24/2017 13:15:00,EDT,Other Renewables,293.0
10/24/2017 13:15:00,EDT,Wind,519.0
10/24/2017 13:15:00,EDT,Hydro,3349.0
10/24/2017 13:20:00,EDT,Dual Fuel,4336.0
10/24/2017 13:20:00,EDT,Natural Gas,3661.0
10/24/2017 13:20:00,EDT,Nuclear,5352.0
10/24/2017 13:20:00,EDT,Other Fossil Fuels,0.0
10/24/2017 13:20:00,EDT,Other Renewables,290.0
10/24/2017 13:20:00,EDT,Wind,546.0
10/24/2017 13:20:00,EDT,Hydro,3337.0
10/24/2017 13:25:00,EDT,Dual Fuel,4347.0
10/24/2017 13:25:00,EDT,Natural Gas,3650.0
10/24/2017 13:25:00,EDT,Nuclear,5354.0
10/24/2017 13:25:00,EDT,Other Fossil Fuels,0.0
10/24/2017 13:25:00,EDT,Other Renewables,290.0
10/24/2017 13:25:00,EDT,Wind,558.0
10/24/2017 13:25:00,EDT,Hydro,3349.0
10/24/2017 13:30:00,EDT,Dual Fuel,4353.0
10/24/2017 13:30:00,EDT,Natural Gas,3645.0
10/24/2017 13:30:00,EDT,Nuclear,5346.0
10/24/2017 13:30:00,EDT,Other Fossil Fuels,0.0
10/24/2017 13:30:00,EDT,Other Renewables,285.0
10/24/2017 13:30:00,EDT,Wind,590.0
10/24/2017 13:30:00,EDT,Hydro,3346.0
10/24/2017 13:35:00,EDT,Dual Fuel,4394.0
10/24/2017 13:35:00,EDT,Natural Gas,3634.0
10/24/2017 13:35:00,EDT,Nuclear,5354.0
10/24/2017 13:35:00,EDT,Other Fossil Fuels,0.0
10/24/2017 13:35:00,EDT,Other Renewables,288.0
10/24/2017 13:35:00,EDT,Wind,644.0
10/24/2017 13:35:00,EDT,Hydro,3296.0
10/24/2017 13:40:00,EDT,Dual Fuel,4433.0
10/24/2017 13:40:00,EDT,Natural Gas,3625.0
10/24/2017 13:40:00,EDT,Nuclear,5351.0
10/24/2017 13:40:00,EDT,Other Fossil Fuels,0.0
10/24/2017 13:40:00,EDT,Other Renewables,290.0
10/24/2017 13:40:00,EDT,Wind,664.0
10/24/2017 13:40:00,EDT,Hydro,3243.0
10/24/2017 13:45:00,EDT,Dual Fuel,4450.0
10/24/2017 13:45:00,EDT,Natural Gas,3612.0
10/24/2017 13:45:00,EDT,Nuclear,5350.0
10/24/2017 13:45:00,EDT,Other Fossil Fuels,0.0
10/24/2017 13:45:00,EDT,Other Renewables,289.0
10/24/2017 13:45:00,EDT,Wind,661.0
10/24/2017 13:45:00,EDT,Hydro,3188.0
10/24/2017 13:50:00,EDT,Dual Fuel,4427.0
10/24/2017 13:50:00,EDT,Natural Gas,3596.0
10/24/2017 13:50:00,EDT,Nuclear,5351.0
10/24/2017 13:50:00,EDT,Other Fossil Fuels,0.0
10/24/2017 13:50:00,EDT,Other Renewables,297.0
10/24/2017 13:50:00,EDT,Wind,681.0
10/24/2017 13:50:00,EDT,Hydro,3232.0
10/24/2017 13:55:00,EDT,Dual Fuel,4437.0
10/24/2017 13:55:00,EDT,Natural Gas,3591.0
10/24/2017 13:55:00,EDT,Nuclear,5355.0
10/24/2017 13:55:00,EDT,Other Fossil Fuels,0.0
10/24/2017 13:55:00,EDT,Other Renewables,300.0
10/24/2017 13:55:00,EDT,Wind,695.0
10/24/2017 13:55:00,EDT,Hydro,3244.0
10/24/2017 14:00:00,EDT,Dual Fuel,4435.0
10/24/2017 14:00:00,EDT,Natural Gas,3579.0
10/24/2017 14:00:00,EDT,Nuclear,5351.0
10/24/2017 14:00:00,EDT,Other Fossil Fuels,0.0
10/24/2017 14:00:00,EDT,Other Renewables,291.0
10/24/2017 14:00:00,EDT,Wind,704.0
10/24/2017 14:00:00,EDT,Hydro,3180.0
10/24/2017 14:05:00,EDT,Dual Fuel,4372.0
10/24/2017 14:05:00,EDT,Natural Gas,3547.0
10/24/2017 14:05:00,EDT,Nuclear,5353.0
10/24/2017 14:05:00,EDT,Other Fossil Fuels,0.0
10/24/2017 14:05:00,EDT,Other Renewables,289.0
10/24/2017 14:05:00,EDT,Wind,727.0
10/24/2017 14:05:00,EDT,Hydro,3186.0
10/24/2017 14:10:00,EDT,Dual Fuel,4363.0
10/24/2017 14:10:00,EDT,Natural Gas,3529.0
10/24/2017 14:10:00,EDT,Nuclear,5352.0
10/24/2017 14:10:00,EDT,Other Fossil Fuels,0.0
10/24/2017 14:10:00,EDT,Other Renewables,288.0
10/24/2017 14:10:00,EDT,Wind,659.0
10/24/2017 14:10:00,EDT,Hydro,3172.0
10/24/2017 14:15:00,EDT,Dual Fuel,4385.0
10/24/2017 14:15:00,EDT,Natural Gas,3551.0
10/24/2017 14:15:00,EDT,Nuclear,5354.0
10/24/2017 14:15:00,EDT,Other Fossil Fuels,0.0
10/24/2017 14:15:00,EDT,Other Renewables,285.0
10/24/2017 14:15:00,EDT,Wind,586.0
10/24/2017 14:15:00,EDT,Hydro,3158.0
10/24/2017 14:20:00,EDT,Dual Fuel,4371.0
10/24/2017 14:20:00,EDT,Natural Gas,3576.0
10/24/2017 14:20:00,EDT,Nuclear,5353.0
10/24/2017 14:20:00,EDT,Other Fossil Fuels,0.0
10/24/2017 14:20:00,EDT,Other Renewables,285.0
10/24/2017 14:20:00,EDT,Wind,571.0
10/24/2017 14:20:00,EDT,Hydro,3198.0
10/24/2017 14:25:00,EDT,Dual Fuel,4353.0
10/24/2017 14:25:00,EDT,Natural Gas,3613.0
10/24/2017 14:25:00,EDT,Nuclear,5355.0
10/24/2017 14:25:00,EDT,Other Fossil Fuels,0.0
10/24/2017 14:25:00,EDT,Other Renewables,282.0
10/24/2017 14:25:00,EDT,Wind,574.0
10/24/2017 14:25:00,EDT,Hydro,3155.0
10/24/2017 14:30:00,EDT,Dual Fuel,4180.0
10/24/2017 14:30:00,EDT,Natural Gas,3619.0
10/24/2017 14:30:00,EDT,Nuclear,5352.0
10/24/2017 14:30:00,EDT,Other Fossil Fuels,0.0
10/24/2017 14:30:00,EDT,Other Renewables,285.0
10/24/2017 14:30:00,EDT,Wind,589.0
10/24/2017 14:30:00,EDT,Hydro,3122.0
10/24/2017 14:35:00,EDT,Dual Fuel,4129.0
10/24/2017 14:35:00,EDT,Natural Gas,3615.0
10/24/2017 14:35:00,EDT,Nuclear,5354.0
10/24/2017 14:35:00,EDT,Other Fossil Fuels,0.0
10/24/2017 14:35:00,EDT,Other Renewables,279.0
10/24/2017 14:35:00,EDT,Wind,563.0
10/24/2017 14:35:00,EDT,Hydro,3211.0
10/24/2017 14:40:00,EDT,Dual Fuel,4123.0
10/24/2017 14:40:00,EDT,Natural Gas,3606.0
10/24/2017 14:40:00,EDT,Nuclear,5354.0
10/24/2017 14:40:00,EDT,Other Fossil Fuels,0.0
10/24/2017 14:40:00,EDT,Other Renewables,280.0
10/24/2017 14:40:00,EDT,Wind,527.0
10/24/2017 14:40:00,EDT,Hydro,3237.0
10/24/2017 14:45:00,EDT,Dual Fuel,4125.0
10/24/2017 14:45:00,EDT,Natural Gas,3592.0
10/24/2017 14:45:00,EDT,Nuclear,5355.0
10/24/2017 14:45:00,EDT,Other Fossil Fuels,0.0
10/24/2017 14:45:00,EDT,Other Renewables,283.0
10/24/2017 14:45:00,EDT,Wind,504.0
10/24/2017 14:45:00,EDT,Hydro,3293.0
10/24/2017 14:50:00,EDT,Dual Fuel,4156.0
10/24/2017 14:50:00,EDT,Natural Gas,3545.0
10/24/2017 14:50:00,EDT,Nuclear,5353.0
10/24/2017 14:50:00,EDT,Other Fossil Fuels,0.0
10/24/2017 14:50:00,EDT,Other Renewables,282.0
10/24/2017 14:50:00,EDT,Wind,516.0
10/24/2017 14:50:00,EDT,Hydro,3290.0
10/24/2017 14:55:00,EDT,Dual Fuel,4187.0
10/24/2017 14:55:00,EDT,Natural Gas,3550.0
10/24/2017 14:55:00,EDT,Nuclear,5356.0
10/24/2017 14:55:00,EDT,Other Fossil Fuels,0.0
10/24/2017 14:55:00,EDT,Other Renewables,288.0
10/24/2017 14:55:00,EDT,Wind,516.0
10/24/2017 14:55:00,EDT,Hydro,3259.0
10/24/2017 15:00:00,EDT,Dual Fuel,4197.0
10/24/2017 15:00:00,EDT,Natural Gas,3565.0
10/24/2017 15:00:00,EDT,Nuclear,5355.0
10/24/2017 15:00:00,EDT,Other Fossil Fuels,0.0
10/24/2017 15:00:00,EDT,Other Renewables,283.0
10/24/2017 15:00:00,EDT,Wind,519.0
10/24/2017 15:00:00,EDT,Hydro,3292.0
10/24/2017 15:05:00,EDT,Dual Fuel,4259.0
10/24/2017 15:05:00,EDT,Natural Gas,3570.0
10/24/2017 15:05:00,EDT,Nuclear,5353.0
10/24/2017 15:05:00,EDT,Other Fossil Fuels,0.0
10/24/2017 15:05:00,EDT,Other Renewables,277.0
10/24/2017 15:05:00,EDT,Wind,543.0
10/24/2017 15:05:00,EDT,Hydro,3417.0
10/24/2017 15:10:00,EDT,Dual Fuel,4317.0
10/24/2017 15:10:00,EDT,Natural Gas,3582.0
10/24/2017 15:10:00,EDT,Nuclear,5352.0
10/24/2017 15:10:00,EDT,Other Fossil Fuels,0.0
10/24/2017 15:10:00,EDT,Other Renewables,282.0
10/24/2017 15:10:00,EDT,Wind,558.0
10/24/2017 15:10:00,EDT,Hydro,3551.0
10/24/2017 15:15:00,EDT,Dual Fuel,4319.0
10/24/2017 15:15:00,EDT,Natural Gas,3582.0
10/24/2017 15:15:00,EDT,Nuclear,5353.0
10/24/2017 15:15:00,EDT,Other Fossil Fuels,0.0
10/24/2017 15:15:00,EDT,Other Renewables,281.0
10/24/2017 15:15:00,EDT,Wind,573.0
10/24/2017 15:15:00,EDT,Hydro,3560.0
10/24/2017 15:20:00,EDT,Dual Fuel,4318.0
10/24/2017 15:20:00,EDT,Natural Gas,3573.0
10/24/2017 15:20:00,EDT,Nuclear,5354.0
10/24/2017 15:20:00,EDT,Other Fossil Fuels,0.0
10/24/2017 15:20:00,EDT,Other Renewables,280.0
10/24/2017 15:20:00,EDT,Wind,583.0
10/24/2017 15:20:00,EDT,Hydro,3559.0
10/24/2017 15:25:00,EDT,Dual Fuel,4349.0
10/24/2017 15:25:00,EDT,Natural Gas,3547.0
10/24/2017 15:25:00,EDT,Nuclear,5353.0
10/24/2017 15:25:00,EDT,Other Fossil Fuels,0.0
10/24/2017 15:25:00,EDT,Other Renewables,282.0
10/24/2017 15:25:00,EDT,Wind,573.0
10/24/2017 15:25:00,EDT,Hydro,3528.0
10/24/2017 15:30:00,EDT,Dual Fuel,4352.0
10/24/2017 15:30:00,EDT,Natural Gas,3544.0
10/24/2017 15:30:00,EDT,Nuclear,5354.0
10/24/2017 15:30:00,EDT,Other Fossil Fuels,0.0
10/24/2017 15:30:00,EDT,Other Renewables,284.0
10/24/2017 15:30:00,EDT,Wind,558.0
10/24/2017 15:30:00,EDT,Hydro,3522.0
10/24/2017 15:35:00,EDT,Dual Fuel,4335.0
10/24/2017 15:35:00,EDT,Natural Gas,3556.0
10/24/2017 15:35:00,EDT,Nuclear,5352.0
10/24/2017 15:35:00,EDT,Other Fossil Fuels,0.0
10/24/2017 15:35:00,EDT,Other Renewables,284.0
10/24/2017 15:35:00,EDT,Wind,565.0
10/24/2017 15:35:00,EDT,Hydro,3478.0
10/24/2017 15:40:00,EDT,Dual Fuel,4334.0
10/24/2017 15:40:00,EDT,Natural Gas,3549.0
10/24/2017 15:40:00,EDT,Nuclear,5353.0
10/24/2017 15:40:00,EDT,Other Fossil Fuels,0.0
10/24/2017 15:40:00,EDT,Other Renewables,283.0
10/24/2017 15:40:00,EDT,Wind,564.0
10/24/2017 15:40:00,EDT,Hydro,3450.0
10/24/2017 15:45:00,EDT,Dual Fuel,4319.0
10/24/2017 15:45:00,EDT,Natural Gas,3572.0
10/24/2017 15:45:00,EDT,Nuclear,5353.0
10/24/2017 15:45:00,EDT,Other Fossil Fuels,0.0
10/24/2017 15:45:00,EDT,Other Renewables,282.0
10/24/2017 15:45:00,EDT,Wind,600.0
10/24/2017 15:45:00,EDT,Hydro,3376.0
10/24/2017 15:50:00,EDT,Dual Fuel,4335.0
10/24/2017 15:50:00,EDT,Natural Gas,3586.0
10/24/2017 15:50:00,EDT,Nuclear,5356.0
10/24/2017 15:50:00,EDT,Other Fossil Fuels,0.0
10/24/2017 15:50:00,EDT,Other Renewables,284.0
10/24/2017 15:50:00,EDT,Wind,643.0
10/24/2017 15:50:00,EDT,Hydro,3286.0
10/24/2017 15:55:00,EDT,Dual Fuel,4355.0
10/24/2017 15:55:00,EDT,Natural Gas,3575.0
10/24/2017 15:55:00,EDT,Nuclear,5353.0
10/24/2017 15:55:00,EDT,Other Fossil Fuels,35.0
10/24/2017 15:55:00,EDT,Other Renewables,281.0
10/24/2017 15:55:00,EDT,Wind,663.0
10/24/2017 15:55:00,EDT,Hydro,3270.0
10/24/2017 16:00:00,EDT,Dual Fuel,4401.0
10/24/2017 16:00:00,EDT,Natural Gas,3546.0
10/24/2017 16:00:00,EDT,Nuclear,5352.0
10/24/2017 16:00:00,EDT,Other Fossil Fuels,53.0
10/24/2017 16:00:00,EDT,Other Renewables,279.0
10/24/2017 16:00:00,EDT,Wind,642.0
10/24/2017 16:00:00,EDT,Hydro,3235.0
10/24/2017 16:05:00,EDT,Dual Fuel,4474.0
10/24/2017 16:05:00,EDT,Natural Gas,3539.0
10/24/2017 16:05:00,EDT,Nuclear,5356.0
10/24/2017 16:05:00,EDT,Other Fossil Fuels,53.0
10/24/2017 16:05:00,EDT,Other Renewables,276.0
10/24/2017 16:05:00,EDT,Wind,620.0
10/24/2017 16:05:00,EDT,Hydro,3190.0
10/24/2017 16:10:00,EDT,Dual Fuel,4474.0
10/24/2017 16:10:00,EDT,Natural Gas,3553.0
10/24/2017 16:10:00,EDT,Nuclear,5353.0
10/24/2017 16:10:00,EDT,Other Fossil Fuels,53.0
10/24/2017 16:10:00,EDT,Other Renewables,284.0
10/24/2017 16:10:00,EDT,Wind,593.0
10/24/2017 16:10:00,EDT,Hydro,3279.0
10/24/2017 16:15:00,EDT,Dual Fuel,4467.0
10/24/2017 16:15:00,EDT,Natural Gas,3566.0
10/24/2017 16:15:00,EDT,Nuclear,5354.0
10/24/2017 16:15:00,EDT,Other Fossil Fuels,53.0
10/24/2017 16:15:00,EDT,Other Renewables,281.0
10/24/2017 16:15:00,EDT,Wind,572.0
10/24/2017 16:15:00,EDT,Hydro,3395.0
10/24/2017 16:20:00,EDT,Dual Fuel,4489.0
10/24/2017 16:20:00,EDT,Natural Gas,3574.0
10/24/2017 16:20:00,EDT,Nuclear,5356.0
10/24/2017 16:20:00,EDT,Other Fossil Fuels,54.0
10/24/2017 16:20:00,EDT,Other Renewables,280.0
10/24/2017 16:20:00,EDT,Wind,542.0
10/24/2017 16:20:00,EDT,Hydro,3469.0
10/24/2017 16:25:00,EDT,Dual Fuel,4535.0
10/24/2017 16:25:00,EDT,Natural Gas,3579.0
10/24/2017 16:25:00,EDT,Nuclear,5354.0
10/24/2017 16:25:00,EDT,Other Fossil Fuels,54.0
10/24/2017 16:25:00,EDT,Other Renewables,282.0
10/24/2017 16:25:00,EDT,Wind,539.0
10/24/2017 16:25:00,EDT,Hydro,3503.0
10/24/2017 16:30:00,EDT,Dual Fuel,4541.0
10/24/2017 16:30:00,EDT,Natural Gas,3583.0
10/24/2017 16:30:00,EDT,Nuclear,5355.0
10/24/2017 16:30:00,EDT,Other Fossil Fuels,54.0
10/24/2017 16:30:00,EDT,Other Renewables,284.0
10/24/2017 16:30:00,EDT,Wind,567.0
10/24/2017 16:30:00,EDT,Hydro,3547.0
10/24/2017 16:35:00,EDT,Dual Fuel,4542.0
10/24/2017 16:35:00,EDT,Natural Gas,3591.0
10/24/2017 16:35:00,EDT,Nuclear,5355.0
10/24/2017 16:35:00,EDT,Other Fossil Fuels,54.0
10/24/2017 16:35:00,EDT,Other Renewables,278.0
10/24/2017 16:35:00,EDT,Wind,568.0
10/24/2017 16:35:00,EDT,Hydro,3459.0
10/24/2017 16:40:00,EDT,Dual Fuel,4519.0
10/24/2017 16:40:00,EDT,Natural Gas,3589.0
10/24/2017 16:40:00,EDT,Nuclear,5356.0
10/24/2017 16:40:00,EDT,Other Fossil Fuels,54.0
10/24/2017 16:40:00,EDT,Other Renewables,276.0
10/24/2017 16:40:00,EDT,Wind,575.0
10/24/2017 16:40:00,EDT,Hydro,3393.0
10/24/2017 16:45:00,EDT,Dual Fuel,4495.0
10/24/2017 16:45:00,EDT,Natural Gas,3588.0
10/24/2017 16:45:00,EDT,Nuclear,5354.0
10/24/2017 16:45:00,EDT,Other Fossil Fuels,54.0
10/24/2017 16:45:00,EDT,Other Renewables,283.0
10/24/2017 16:45:00,EDT,Wind,580.0
10/24/2017 16:45:00,EDT,Hydro,3437.0
10/24/2017 16:50:00,EDT,Dual Fuel,4447.0
10/24/2017 16:50:00,EDT,Natural Gas,3580.0
10/24/2017 16:50:00,EDT,Nuclear,5358.0
10/24/2017 16:50:00,EDT,Other Fossil Fuels,54.0
10/24/2017 16:50:00,EDT,Other Renewables,283.0
10/24/2017 16:50:00,EDT,Wind,603.0
10/24/2017 16:50:00,EDT,Hydro,3524.0
10/24/2017 16:55:00,EDT,Dual Fuel,4439.0
10/24/2017 16:55:00,EDT,Natural Gas,3575.0
10/24/2017 16:55:00,EDT,Nuclear,5358.0
10/24/2017 16:55:00,EDT,Other Fossil Fuels,53.0
10/24/2017 16:55:00,EDT,Other Renewables,282.0
10/24/2017 16:55:00,EDT,Wind,616.0
10/24/2017 16:55:00,EDT,Hydro,3542.0
10/24/2017 17:00:00,EDT,Dual Fuel,4435.0
10/24/2017 17:00:00,EDT,Natural Gas,3577.0
10/24/2017 17:00:00,EDT,Nuclear,5355.0
10/24/2017 17:00:00,EDT,Other Fossil Fuels,20.0
10/24/2017 17:00:00,EDT,Other Renewables,279.0
10/24/2017 17:00:00,EDT,Wind,599.0
10/24/2017 17:00:00,EDT,Hydro,3513.0
10/24/2017 17:05:00,EDT,Dual Fuel,4443.0
10/24/2017 17:05:00,EDT,Natural Gas,3578.0
10/24/2017 17:05:00,EDT,Nuclear,5354.0
10/24/2017 17:05:00,EDT,Other Fossil Fuels,0.0
10/24/2017 17:05:00,EDT,Other Renewables,284.0
10/24/2017 17:05:00,EDT,Wind,586.0
10/24/2017 17:05:00,EDT,Hydro,3389.0
10/24/2017 17:10:00,EDT,Dual Fuel,4449.0
10/24/2017 17:10:00,EDT,Natural Gas,3597.0
10/24/2017 17:10:00,EDT,Nuclear,5355.0
10/24/2017 17:10:00,EDT,Other Fossil Fuels,0.0
10/24/2017 17:10:00,EDT,Other Renewables,285.0
10/24/2017 17:10:00,EDT,Wind,559.0
10/24/2017 17:10:00,EDT,Hydro,3319.0
10/24/2017 17:15:00,EDT,Dual Fuel,4427.0
10/24/2017 17:15:00,EDT,Natural Gas,3621.0
10/24/2017 17:15:00,EDT,Nuclear,5356.0
10/24/2017 17:15:00,EDT,Other Fossil Fuels,0.0
10/24/2017 17:15:00,EDT,Other Renewables,286.0
10/24/2017 17:15:00,EDT,Wind,531.0
10/24/2017 17:15:00,EDT,Hydro,3338.0
10/24/2017 17:20:00,EDT,Dual Fuel,4431.0
10/24/2017 17:20:00,EDT,Natural Gas,3622.0
10/24/2017 17:20:00,EDT,Nuclear,5355.0
10/24/2017 17:20:00,EDT,Other Fossil Fuels,0.0
10/24/2017 17:20:00,EDT,Other Renewables,283.0
10/24/2017 17:20:00,EDT,Wind,502.0
10/24/2017 17:20:00,EDT,Hydro,3362.0
10/24/2017 17:25:00,EDT,Dual Fuel,4446.0
10/24/2017 17:25:00,EDT,Natural Gas,3585.0
10/24/2017 17:25:00,EDT,Nuclear,5357.0
10/24/2017 17:25:00,EDT,Other Fossil Fuels,0.0
10/24/2017 17:25:00,EDT,Other Renewables,283.0
10/24/2017 17:25:00,EDT,Wind,489.0
10/24/2017 17:25:00,EDT,Hydro,3356.0
10/24/2017 17:30:00,EDT,Dual Fuel,4465.0
10/24/2017 17:30:00,EDT,Natural Gas,3574.0
10/24/2017 17:30:00,EDT,Nuclear,5358.0
10/24/2017 17:30:00,EDT,Other Fossil Fuels,0.0
10/24/2017 17:30:00,EDT,Other Renewables,286.0
10/24/2017 17:30:00,EDT,Wind,470.0
10/24/2017 17:30:00,EDT,Hydro,3412.0
10/24/2017 17:35:00,EDT,Dual Fuel,4491.0
10/24/2017 17:35:00,EDT,Natural Gas,3575.0
10/24/2017 17:35:00,EDT,Nuclear,5356.0
10/24/2017 17:35:00,EDT,Other Fossil Fuels,0.0
10/24/2017 17:35:00,EDT,Other Renewables,285.0
10/24/2017 17:35:00,EDT,Wind,468.0
10/24/2017 17:35:00,EDT,Hydro,3458.0
10/24/2017 17:40:00,EDT,Dual Fuel,4518.0
10/24/2017 17:40:00,EDT,Natural Gas,3552.0
10/24/2017 17:40:00,EDT,Nuclear,5358.0
10/24/2017 17:40:00,EDT,Other Fossil Fuels,0.0
10/24/2017 17:40:00,EDT,Other Renewables,286.0
10/24/2017 17:40:00,EDT,Wind,465.0
10/24/2017 17:40:00,EDT,Hydro,3490.0
10/24/2017 17:45:00,EDT,Dual Fuel,4552.0
10/24/2017 17:45:00,EDT,Natural Gas,3549.0
10/24/2017 17:45:00,EDT,Nuclear,5356.0
10/24/2017 17:45:00,EDT,Other Fossil Fuels,0.0
10/24/2017 17:45:00,EDT,Other Renewables,291.0
10/24/2017 17:45:00,EDT,Wind,467.0
10/24/2017 17:45:00,EDT,Hydro,3536.0
10/24/2017 17:50:00,EDT,Dual Fuel,4587.0
10/24/2017 17:50:00,EDT,Natural Gas,3566.0
10/24/2017 17:50:00,EDT,Nuclear,5357.0
10/24/2017 17:50:00,EDT,Other Fossil Fuels,0.0
10/24/2017 17:50:00,EDT,Other Renewables,296.0
10/24/2017 17:50:00,EDT,Wind,473.0
10/24/2017 17:50:00,EDT,Hydro,3522.0
10/24/2017 17:55:00,EDT,Dual Fuel,4616.0
10/24/2017 17:55:00,EDT,Natural Gas,3578.0
10/24/2017 17:55:00,EDT,Nuclear,5357.0
10/24/2017 17:55:00,EDT,Other Fossil Fuels,0.0
10/24/2017 17:55:00,EDT,Other Renewables,294.0
10/24/2017 17:55:00,EDT,Wind,466.0
10/24/2017 17:55:00,EDT,Hydro,3463.0
10/24/2017 18:00:00,EDT,Dual Fuel,4661.0
10/24/2017 18:00:00,EDT,Natural Gas,3589.0
10/24/2017 18:00:00,EDT,Nuclear,5357.0
10/24/2017 18:00:00,EDT,Other Fossil Fuels,0.0
10/24/2017 18:00:00,EDT,Other Renewables,276.0
10/24/2017 18:00:00,EDT,Wind,463.0
10/24/2017 18:00:00,EDT,Hydro,3449.0
10/24/2017 18:05:00,EDT,Dual Fuel,4719.0
10/24/2017 18:05:00,EDT,Natural Gas,3584.0
10/24/2017 18:05:00,EDT,Nuclear,5357.0
10/24/2017 18:05:00,EDT,Other Fossil Fuels,0.0
10/24/2017 18:05:00,EDT,Other Renewables,278.0
10/24/2017 18:05:00,EDT,Wind,474.0
10/24/2017 18:05:00,EDT,Hydro,3446.0
10/24/2017 18:10:00,EDT,Dual Fuel,4765.0
10/24/2017 18:10:00,EDT,Natural Gas,3596.0
10/24/2017 18:10:00,EDT,Nuclear,5356.0
10/24/2017 18:10:00,EDT,Other Fossil Fuels,0.0
10/24/2017 18:10:00,EDT,Other Renewables,281.0
10/24/2017 18:10:00,EDT,Wind,463.0
10/24/2017 18:10:00,EDT,Hydro,3482.0
10/24/2017 18:15:00,EDT,Dual Fuel,4778.0
10/24/2017 18:15:00,EDT,Natural Gas,3608.0
10/24/2017 18:15:00,EDT,Nuclear,5355.0
10/24/2017 18:15:00,EDT,Other Fossil Fuels,0.0
10/24/2017 18:15:00,EDT,Other Renewables,277.0
10/24/2017 18:15:00,EDT,Wind,455.0
10/24/2017 18:15:00,EDT,Hydro,3611.0
10/24/2017 18:20:00,EDT,Dual Fuel,4792.0
10/24/2017 18:20:00,EDT,Natural Gas,3622.0
10/24/2017 18:20:00,EDT,Nuclear,5355.0
10/24/2017 18:20:00,EDT,Other Fossil Fuels,0.0
10/24/2017 18:20:00,EDT,Other Renewables,277.0
10/24/2017 18:20:00,EDT,Wind,446.0
10/24/2017 18:20:00,EDT,Hydro,3727.0
10/24/2017 18:25:00,EDT,Dual Fuel,4805.0
10/24/2017 18:25:00,EDT,Natural Gas,3632.0
10/24/2017 18:25:00,EDT,Nuclear,5355.0
10/24/2017 18:25:00,EDT,Other Fossil Fuels,0.0
10/24/2017 18:25:00,EDT,Other Renewables,274.0
10/24/2017 18:25:00,EDT,Wind,438.0
10/24/2017 18:25:00,EDT,Hydro,3716.0
10/24/2017 18:30:00,EDT,Dual Fuel,4850.0
10/24/2017 18:30:00,EDT,Natural Gas,3632.0
10/24/2017 18:30:00,EDT,Nuclear,5355.0
10/24/2017 18:30:00,EDT,Other Fossil Fuels,0.0
10/24/2017 18:30:00,EDT,Other Renewables,279.0
10/24/2017 18:30:00,EDT,Wind,427.0
10/24/2017 18:30:00,EDT,Hydro,3708.0
10/24/2017 18:35:00,EDT,Dual Fuel,4889.0
10/24/2017 18:35:00,EDT,Natural Gas,3622.0
10/24/2017 18:35:00,EDT,Nuclear,5354.0
10/24/2017 18:35:00,EDT,Other Fossil Fuels,0.0
10/24/2017 18:35:00,EDT,Other Renewables,280.0
10/24/2017 18:35:00,EDT,Wind,396.0
10/24/2017 18:35:00,EDT,Hydro,3691.0
10/24/2017 18:40:00,EDT,Dual Fuel,4939.0
10/24/2017 18:40:00,EDT,Natural Gas,3618.0
10/24/2017 18:40:00,EDT,Nuclear,5357.0
10/24/2017 18:40:00,EDT,Other Fossil Fuels,0.0
10/24/2017 18:40:00,EDT,Other Renewables,278.0
10/24/2017 18:40:00,EDT,Wind,370.0
10/24/2017 18:40:00,EDT,Hydro,3734.0
10/24/2017 18:45:00,EDT,Dual Fuel,4981.0
10/24/2017 18:45:00,EDT,Natural Gas,3674.0
10/24/2017 18:45:00,EDT,Nuclear,5355.0
10/24/2017 18:45:00,EDT,Other Fossil Fuels,0.0
10/24/2017 18:45:00,EDT,Other Renewables,279.0
10/24/2017 18:45:00,EDT,Wind,340.0
10/24/2017 18:45:00,EDT,Hydro,3782.0
10/24/2017 18:50:00,EDT,Dual Fuel,4965.0
10/24/2017 18:50:00,EDT,Natural Gas,3722.0
10/24/2017 18:50:00,EDT,Nuclear,5355.0
10/24/2017 18:50:00,EDT,Other Fossil Fuels,0.0
10/24/2017 18:50:00,EDT,Other Renewables,283.0
10/24/2017 18:50:00,EDT,Wind,322.0
10/24/2017 18:50:00,EDT,Hydro,3808.0
10/24/2017 18:55:00,EDT,Dual Fuel,4973.0
10/24/2017 18:55:00,EDT,Natural Gas,3733.0
10/24/2017 18:55:00,EDT,Nuclear,5358.0
10/24/2017 18:55:00,EDT,Other Fossil Fuels,0.0
10/24/2017 18:55:00,EDT,Other Renewables,281.0
10/24/2017 18:55:00,EDT,Wind,301.0
10/24/2017 18:55:00,EDT,Hydro,3792.0
10/24/2017 19:00:00,EDT,Dual Fuel,5032.0
10/24/2017 19:00:00,EDT,Natural Gas,3734.0
10/24/2017 19:00:00,EDT,Nuclear,5356.0
10/24/2017 19:00:00,EDT,Other Fossil Fuels,0.0
10/24/2017 19:00:00,EDT,Other Renewables,277.0
10/24/2017 19:00:00,EDT,Wind,289.0
10/24/2017 19:00:00,EDT,Hydro,3773.0
10/24/2017 19:05:00,EDT,Dual Fuel,5061.0
10/24/2017 19:05:00,EDT,Natural Gas,3714.0
10/24/2017 19:05:00,EDT,Nuclear,5355.0
10/24/2017 19:05:00,EDT,Other Fossil Fuels,0.0
10/24/2017 19:05:00,EDT,Other Renewables,280.0
10/24/2017 19:05:00,EDT,Wind,282.0
10/24/2017 19:05:00,EDT,Hydro,3760.0
10/24/2017 19:10:00,EDT,Dual Fuel,5085.0
10/24/2017 19:10:00,EDT,Natural Gas,3710.0
10/24/2017 19:10:00,EDT,Nuclear,5356.0
10/24/2017 19:10:00,EDT,Other Fossil Fuels,0.0
10/24/2017 19:10:00,EDT,Other Renewables,281.0
10/24/2017 19:10:00,EDT,Wind,278.0
10/24/2017 19:10:00,EDT,Hydro,3837.0
10/24/2017 19:15:00,EDT,Dual Fuel,5087.0
10/24/2017 19:15:00,EDT,Natural Gas,3696.0
10/24/2017 19:15:00,EDT,Nuclear,5356.0
10/24/2017 19:15:00,EDT,Other Fossil Fuels,0.0
10/24/2017 19:15:00,EDT,Other Renewables,278.0
10/24/2017 19:15:00,EDT,Wind,271.0
10/24/2017 19:15:00,EDT,Hydro,3857.0
10/24/2017 19:20:00,EDT,Dual Fuel,5097.0
10/24/2017 19:20:00,EDT,Natural Gas,3696.0
10/24/2017 19:20:00,EDT,Nuclear,5356.0
10/24/2017 19:20:00,EDT,Other Fossil Fuels,0.0
10/24/2017 19:20:00,EDT,Other Renewables,278.0
10/24/2017 19:20:00,EDT,Wind,265.0
10/24/2017 19:20:00,EDT,Hydro,3900.0
10/24/2017 19:25:00,EDT,Dual Fuel,5107.0
10/24/2017 19:25:00,EDT,Natural Gas,3668.0
10/24/2017 19:25:00,EDT,Nuclear,5354.0
10/24/2017 19:25:00,EDT,Other Fossil Fuels,0.0
10/24/2017 19:25:00,EDT,Other Renewables,279.0
10/24/2017 19:25:00,EDT,Wind,263.0
10/24/2017 19:25:00,EDT,Hydro,3877.0
10/24/2017 19:30:00,EDT,Dual Fuel,5088.0
10/24/2017 19:30:00,EDT,Natural Gas,3659.0
10/24/2017 19:30:00,EDT,Nuclear,5352.0
10/24/2017 19:30:00,EDT,Other Fossil Fuels,0.0
10/24/2017 19:30:00,EDT,Other Renewables,280.0
10/24/2017 19:30:00,EDT,Wind,267.0
10/24/2017 19:30:00,EDT,Hydro,3906.0
10/24/2017 19:35:00,EDT,Dual Fuel,5103.0
10/24/2017 19:35:00,EDT,Natural Gas,3662.0
10/24/2017 19:35:00,EDT,Nuclear,5357.0
10/24/2017 19:35:00,EDT,Other Fossil Fuels,0.0
10/24/2017 19:35:00,EDT,Other Renewables,279.0
10/24/2017 19:35:00,EDT,Wind,272.0
10/24/2017 19:35:00,EDT,Hydro,3914.0
10/24/2017 19:40:00,EDT,Dual Fuel,5111.0
10/24/2017 19:40:00,EDT,Natural Gas,3674.0
10/24/2017 19:40:00,EDT,Nuclear,5356.0
10/24/2017 19:40:00,EDT,Other Fossil Fuels,0.0
10/24/2017 19:40:00,EDT,Other Renewables,278.0
10/24/2017 19:40:00,EDT,Wind,273.0
10/24/2017 19:40:00,EDT,Hydro,3885.0
10/24/2017 19:45:00,EDT,Dual Fuel,5083.0
10/24/2017 19:45:00,EDT,Natural Gas,3621.0
10/24/2017 19:45:00,EDT,Nuclear,5353.0
10/24/2017 19:45:00,EDT,Other Fossil Fuels,0.0
10/24/2017 19:45:00,EDT,Other Renewables,277.0
10/24/2017 19:45:00,EDT,Wind,280.0
10/24/2017 19:45:00,EDT,Hydro,3907.0
10/24/2017 19:50:00,EDT,Dual Fuel,5081.0
10/24/2017 19:50:00,EDT,Natural Gas,3483.0
10/24/2017 19:50:00,EDT,Nuclear,5355.0
10/24/2017 19:50:00,EDT,Other Fossil Fuels,0.0
10/24/2017 19:50:00,EDT,Other Renewables,275.0
10/24/2017 19:50:00,EDT,Wind,291.0
10/24/2017 19:50:00,EDT,Hydro,3933.0
10/24/2017 19:55:00,EDT,Dual Fuel,5015.0
10/24/2017 19:55:00,EDT,Natural Gas,3482.0
10/24/2017 19:55:00,EDT,Nuclear,5356.0
10/24/2017 19:55:00,EDT,Other Fossil Fuels,0.0
10/24/2017 19:55:00,EDT,Other Renewables,277.0
10/24/2017 19:55:00,EDT,Wind,298.0
10/24/2017 19:55:00,EDT,Hydro,3853.0
10/24/2017 20:00:00,EDT,Dual Fuel,4911.0
10/24/2017 20:00:00,EDT,Natural Gas,3459.0
10/24/2017 20:00:00,EDT,Nuclear,5353.0
10/24/2017 20:00:00,EDT,Other Fossil Fuels,0.0
10/24/2017 20:00:00,EDT,Other Renewables,281.0
10/24/2017 20:00:00,EDT,Wind,319.0
10/24/2017 20:00:00,EDT,Hydro,3827.0
10/24/2017 20:05:00,EDT,Dual Fuel,4805.0
10/24/2017 20:05:00,EDT,Natural Gas,3394.0
10/24/2017 20:05:00,EDT,Nuclear,5355.0
10/24/2017 20:05:00,EDT,Other Fossil Fuels,0.0
10/24/2017 20:05:00,EDT,Other Renewables,280.0
10/24/2017 20:05:00,EDT,Wind,336.0
10/24/2017 20:05:00,EDT,Hydro,3720.0
10/24/2017 20:10:00,EDT,Dual Fuel,4773.0
10/24/2017 20:10:00,EDT,Natural Gas,3374.0
10/24/2017 20:10:00,EDT,Nuclear,5353.0
10/24/2017 20:10:00,EDT,Other Fossil Fuels,0.0
10/24/2017 20:10:00,EDT,Other Renewables,281.0
10/24/2017 20:10:00,EDT,Wind,341.0
10/24/2017 20:10:00,EDT,Hydro,3649.0
10/24/2017 20:15:00,EDT,Dual Fuel,4748.0
10/24/2017 20:15:00,EDT,Natural Gas,3363.0
10/24/2017 20:15:00,EDT,Nuclear,5352.0
10/24/2017 20:15:00,EDT,Other Fossil Fuels,0.0
10/24/2017 20:15:00,EDT,Other Renewables,280.0
10/24/2017 20:15:00,EDT,Wind,342.0
10/24/2017 20:15:00,EDT,Hydro,3621.0
10/24/2017 20:20:00,EDT,Dual Fuel,4724.0
10/24/2017 20:20:00,EDT,Natural Gas,3357.0
10/24/2017 20:20:00,EDT,Nuclear,5355.0
10/24/2017 20:20:00,EDT,Other Fossil Fuels,0.0
10/24/2017 20:20:00,EDT,Other Renewables,278.0
10/24/2017 20:20:00,EDT,Wind,357.0
10/24/2017 20:20:00,EDT,Hydro,3582.0
10/24/2017 20:25:00,EDT,Dual Fuel,4683.0
10/24/2017 20:25:00,EDT,Natural Gas,3347.0
10/24/2017 20:25:00,EDT,Nuclear,5353.0
10/24/2017 20:25:00,EDT,Other Fossil Fuels,0.0
10/24/2017 20:25:00,EDT,Other Renewables,281.0
10/24/2017 20:25:00,EDT,Wind,374.0
10/24/2017 20:25:00,EDT,Hydro,3547.0
10/24/2017 20:30:00,EDT,Dual Fuel,4645.0
10/24/2017 20:30:00,EDT,Natural Gas,3343.0
10/24/2017 20:30:00,EDT,Nuclear,5355.0
10/24/2017 20:30:00,EDT,Other Fossil Fuels,0.0
10/24/2017 20:30:00,EDT,Other Renewables,283.0
10/24/2017 20:30:00,EDT,Wind,384.0
10/24/2017 20:30:00,EDT,Hydro,3406.0
10/24/2017 20:35:00,EDT,Dual Fuel,4594.0
10/24/2017 20:35:00,EDT,Natural Gas,3334.0
10/24/2017 20:35:00,EDT,Nuclear,5357.0
10/24/2017 20:35:00,EDT,Other Fossil Fuels,0.0
10/24/2017 20:35:00,EDT,Other Renewables,281.0
10/24/2017 20:35:00,EDT,Wind,385.0
10/24/2017 20:35:00,EDT,Hydro,3344.0
10/24/2017 20:40:00,EDT,Dual Fuel,4535.0
10/24/2017 20:40:00,EDT,Natural Gas,3316.0
10/24/2017 20:40:00,EDT,Nuclear,5357.0
10/24/2017 20:40:00,EDT,Other Fossil Fuels,0.0
10/24/2017 20:40:00,EDT,Other Renewables,280.0
10/24/2017 20:40:00,EDT,Wind,387.0
10/24/2017 20:40:00,EDT,Hydro,3356.0
10/24/2017 20:45:00,EDT,Dual Fuel,4501.0
10/24/2017 20:45:00,EDT,Natural Gas,3306.0
10/24/2017 20:45:00,EDT,Nuclear,5353.0
10/24/2017 20:45:00,EDT,Other Fossil Fuels,0.0
10/24/2017 20:45:00,EDT,Other Renewables,281.0
10/24/2017 20:45:00,EDT,Wind,385.0
10/24/2017 20:45:00,EDT,Hydro,3357.0
10/24/2017 20:50:00,EDT,Dual Fuel,4462.0
10/24/2017 20:50:00,EDT,Natural Gas,3297.0
10/24/2017 20:50:00,EDT,Nuclear,5354.0
10/24/2017 20:50:00,EDT,Other Fossil Fuels,0.0
10/24/2017 20:50:00,EDT,Other Renewables,281.0
10/24/2017 20:50:00,EDT,Wind,380.0
10/24/2017 20:50:00,EDT,Hydro,3304.0
10/24/2017 20:55:00,EDT,Dual Fuel,4354.0
10/24/2017 20:55:00,EDT,Natural Gas,3285.0
10/24/2017 20:55:00,EDT,Nuclear,5356.0
10/24/2017 20:55:00,EDT,Other Fossil Fuels,0.0
10/24/2017 20:55:00,EDT,Other Renewables,280.0
10/24/2017 20:55:00,EDT,Wind,381.0
10/24/2017 20:55:00,EDT,Hydro,3200.0
10/24/2017 21:00:00,EDT,Dual Fuel,4217.0
10/24/2017 21:00:00,EDT,Natural Gas,3250.0
10/24/2017 21:00:00,EDT,Nuclear,5355.0
10/24/2017 21:00:00,EDT,Other Fossil Fuels,0.0
10/24/2017 21:00:00,EDT,Other Renewables,283.0
10/24/2017 21:00:00,EDT,Wind,381.0
10/24/2017 21:00:00,EDT,Hydro,3177.0
10/24/2017 21:05:00,EDT,Dual Fuel,3986.0
10/24/2017 21:05:00,EDT,Natural Gas,3188.0
10/24/2017 21:05:00,EDT,Nuclear,5355.0
10/24/2017 21:05:00,EDT,Other Fossil Fuels,0.0
10/24/2017 21:05:00,EDT,Other Renewables,284.0
10/24/2017 21:05:00,EDT,Wind,373.0
10/24/2017 21:05:00,EDT,Hydro,3223.0
10/24/2017 21:10:00,EDT,Dual Fuel,3930.0
10/24/2017 21:10:00,EDT,Natural Gas,3166.0
10/24/2017 21:10:00,EDT,Nuclear,5354.0
10/24/2017 21:10:00,EDT,Other Fossil Fuels,0.0
10/24/2017 21:10:00,EDT,Other Renewables,284.0
10/24/2017 21:10:00,EDT,Wind,365.0
10/24/2017 21:10:00,EDT,Hydro,3233.0
10/24/2017 21:15:00,EDT,Dual Fuel,3885.0
10/24/2017 21:15:00,EDT,Natural Gas,3146.0
10/24/2017 21:15:00,EDT,Nuclear,5355.0
10/24/2017 21:15:00,EDT,Other Fossil Fuels,0.0
10/24/2017 21:15:00,EDT,Other Renewables,284.0
10/24/2017 21:15:00,EDT,Wind,355.0
10/24/2017 21:15:00,EDT,Hydro,3220.0
10/24/2017 21:20:00,EDT,Dual Fuel,3849.0
10/24/2017 21:20:00,EDT,Natural Gas,3133.0
10/24/2017 21:20:00,EDT,Nuclear,5355.0
10/24/2017 21:20:00,EDT,Other Fossil Fuels,0.0
10/24/2017 21:20:00,EDT,Other Renewables,282.0
10/24/2017 21:20:00,EDT,Wind,354.0
10/24/2017 21:20:00,EDT,Hydro,3208.0
10/24/2017 21:25:00,EDT,Dual Fuel,3810.0
10/24/2017 21:25:00,EDT,Natural Gas,3133.0
10/24/2017 21:25:00,EDT,Nuclear,5357.0
10/24/2017 21:25:00,EDT,Other Fossil Fuels,0.0
10/24/2017 21:25:00,EDT,Other Renewables,283.0
10/24/2017 21:25:00,EDT,Wind,357.0
10/24/2017 21:25:00,EDT,Hydro,3204.0
10/24/2017 21:30:00,EDT,Dual Fuel,3740.0
10/24/2017 21:30:00,EDT,Natural Gas,3135.0
10/24/2017 21:30:00,EDT,Nuclear,5356.0
10/24/2017 21:30:00,EDT,Other Fossil Fuels,0.0
10/24/2017 21:30:00,EDT,Other Renewables,284.0
10/24/2017 21:30:00,EDT,Wind,367.0
10/24/2017 21:30:00,EDT,Hydro,3155.0
10/24/2017 21:35:00,EDT,Dual Fuel,3626.0
10/24/2017 21:35:00,EDT,Natural Gas,3134.0
10/24/2017 21:35:00,EDT,Nuclear,5356.0
10/24/2017 21:35:00,EDT,Other Fossil Fuels,0.0
10/24/2017 21:35:00,EDT,Other Renewables,284.0
10/24/2017 21:35:00,EDT,Wind,388.0
10/24/2017 21:35:00,EDT,Hydro,3155.0
10/24/2017 21:40:00,EDT,Dual Fuel,3579.0
10/24/2017 21:40:00,EDT,Natural Gas,3134.0
10/24/2017 21:40:00,EDT,Nuclear,5351.0
10/24/2017 21:40:00,EDT,Other Fossil Fuels,0.0
10/24/2017 21:40:00,EDT,Other Renewables,283.0
10/24/2017 21:40:00,EDT,Wind,416.0
10/24/2017 21:40:00,EDT,Hydro,3156.0
10/24/2017 21:45:00,EDT,Dual Fuel,3384.0
10/24/2017 21:45:00,EDT,Natural Gas,3140.0
10/24/2017 21:45:00,EDT,Nuclear,5354.0
10/24/2017 21:45:00,EDT,Other Fossil Fuels,0.0
10/24/2017 21:45:00,EDT,Other Renewables,282.0
10/24/2017 21:45:00,EDT,Wind,438.0
10/24/2017 21:45:00,EDT,Hydro,3076.0
10/24/2017 21:50:00,EDT,Dual Fuel,3179.0
10/24/2017 21:50:00,EDT,Natural Gas,3128.0
10/24/2017 21:50:00,EDT,Nuclear,5356.0
10/24/2017 21:50:00,EDT,Other Fossil Fuels,0.0
10/24/2017 21:50:00,EDT,Other Renewables,281.0
10/24/2017 21:50:00,EDT,Wind,462.0
10/24/2017 21:50:00,EDT,Hydro,3101.0
10/24/2017 21:55:00,EDT,Dual Fuel,3120.0
10/24/2017 21:55:00,EDT,Natural Gas,3092.0
10/24/2017 21:55:00,EDT,Nuclear,5352.0
10/24/2017 21:55:00,EDT,Other Fossil Fuels,0.0
10/24/2017 21:55:00,EDT,Other Renewables,280.0
10/24/2017 21:55:00,EDT,Wind,477.0
10/24/2017 21:55:00,EDT,Hydro,3075.0
10/24/2017 22:00:00,EDT,Dual Fuel,3021.0
10/24/2017 22:00:00,EDT,Natural Gas,3036.0
10/24/2017 22:00:00,EDT,Nuclear,5353.0
10/24/2017 22:00:00,EDT,Other Fossil Fuels,0.0
10/24/2017 22:00:00,EDT,Other Renewables,279.0
10/24/2017 22:00:00,EDT,Wind,490.0
10/24/2017 22:00:00,EDT,Hydro,2979.0
10/24/2017 22:05:00,EDT,Dual Fuel,2899.0
10/24/2017 22:05:00,EDT,Natural Gas,2876.0
10/24/2017 22:05:00,EDT,Nuclear,5354.0
10/24/2017 22:05:00,EDT,Other Fossil Fuels,0.0
10/24/2017 22:05:00,EDT,Other Renewables,280.0
10/24/2017 22:05:00,EDT,Wind,505.0
10/24/2017 22:05:00,EDT,Hydro,2826.0
10/24/2017 22:10:00,EDT,Dual Fuel,2708.0
10/24/2017 22:10:00,EDT,Natural Gas,2760.0
10/24/2017 22:10:00,EDT,Nuclear,5357.0
10/24/2017 22:10:00,EDT,Other Fossil Fuels,0.0
10/24/2017 22:10:00,EDT,Other Renewables,280.0
10/24/2017 22:10:00,EDT,Wind,511.0
10/24/2017 22:10:00,EDT,Hydro,2798.0
10/24/2017 22:15:00,EDT,Dual Fuel,2591.0
10/24/2017 22:15:00,EDT,Natural Gas,2683.0
10/24/2017 22:15:00,EDT,Nuclear,5354.0
10/24/2017 22:15:00,EDT,Other Fossil Fuels,0.0
10/24/2017 22:15:00,EDT,Other Renewables,281.0
10/24/2017 22:15:00,EDT,Wind,512.0
10/24/2017 22:15:00,EDT,Hydro,2902.0
10/24/2017 22:20:00,EDT,Dual Fuel,2645.0
10/24/2017 22:20:00,EDT,Natural Gas,2665.0
10/24/2017 22:20:00,EDT,Nuclear,5355.0
10/24/2017 22:20:00,EDT,Other Fossil Fuels,0.0
10/24/2017 22:20:00,EDT,Other Renewables,281.0
10/24/2017 22:20:00,EDT,Wind,511.0
10/24/2017 22:20:00,EDT,Hydro,2966.0
10/24/2017 22:25:00,EDT,Dual Fuel,2649.0
10/24/2017 22:25:00,EDT,Natural Gas,2642.0
10/24/2017 22:25:00,EDT,Nuclear,5354.0
10/24/2017 22:25:00,EDT,Other Fossil Fuels,0.0
10/24/2017 22:25:00,EDT,Other Renewables,283.0
10/24/2017 22:25:00,EDT,Wind,519.0
10/24/2017 22:25:00,EDT,Hydro,2944.0
10/24/2017 22:30:00,EDT,Dual Fuel,2602.0
10/24/2017 22:30:00,EDT,Natural Gas,2585.0
10/24/2017 22:30:00,EDT,Nuclear,5355.0
10/24/2017 22:30:00,EDT,Other Fossil Fuels,0.0
10/24/2017 22:30:00,EDT,Other Renewables,282.0
10/24/2017 22:30:00,EDT,Wind,550.0
10/24/2017 22:30:00,EDT,Hydro,2927.0
10/24/2017 22:35:00,EDT,Dual Fuel,2578.0
10/24/2017 22:35:00,EDT,Natural Gas,2563.0
10/24/2017 22:35:00,EDT,Nuclear,5354.0
10/24/2017 22:35:00,EDT,Other Fossil Fuels,0.0
10/24/2017 22:35:00,EDT,Other Renewables,279.0
10/24/2017 22:35:00,EDT,Wind,569.0
10/24/2017 22:35:00,EDT,Hydro,2892.0
10/24/2017 22:40:00,EDT,Dual Fuel,2541.0
10/24/2017 22:40:00,EDT,Natural Gas,2542.0
10/24/2017 22:40:00,EDT,Nuclear,5355.0
10/24/2017 22:40:00,EDT,Other Fossil Fuels,0.0
10/24/2017 22:40:00,EDT,Other Renewables,282.0
10/24/2017 22:40:00,EDT,Wind,589.0
10/24/2017 22:40:00,EDT,Hydro,2817.0
10/24/2017 22:45:00,EDT,Dual Fuel,2503.0
10/24/2017 22:45:00,EDT,Natural Gas,2522.0
10/24/2017 22:45:00,EDT,Nuclear,5354.0
10/24/2017 22:45:00,EDT,Other Fossil Fuels,0.0
10/24/2017 22:45:00,EDT,Other Renewables,282.0
10/24/2017 22:45:00,EDT,Wind,585.0
10/24/2017 22:45:00,EDT,Hydro,2770.0
10/24/2017 22:50:00,EDT,Dual Fuel,2423.0
10/24/2017 22:50:00,EDT,Natural Gas,2523.0
10/24/2017 22:50:00,EDT,Nuclear,5359.0
10/24/2017 22:50:00,EDT,Other Fossil Fuels,0.0
10/24/2017 22:50:00,EDT,Other Renewables,284.0
10/24/2017 22:50:00,EDT,Wind,580.0
10/24/2017 22:50:00,EDT,Hydro,2746.0
10/24/2017 22:55:00,EDT,Dual Fuel,2398.0
10/24/2017 22:55:00,EDT,Natural Gas,2503.0
10/24/2017 22:55:00,EDT,Nuclear,5356.0
10/24/2017 22:55:00,EDT,Other Fossil Fuels,0.0
10/24/2017 22:55:00,EDT,Other Renewables,284.0
10/24/2017 22:55:00,EDT,Wind,555.0
10/24/2017 22:55:00,EDT,Hydro,2698.0
10/24/2017 23:00:00,EDT,Dual Fuel,2378.0
10/24/2017 23:00:00,EDT,Natural Gas,2469.0
10/24/2017 23:00:00,EDT,Nuclear,5354.0
10/24/2017 23:00:00,EDT,Other Fossil Fuels,0.0
10/24/2017 23:00:00,EDT,Other Renewables,281.0
10/24/2017 23:00:00,EDT,Wind,535.0
10/24/2017 23:00:00,EDT,Hydro,2773.0
10/24/2017 23:05:00,EDT,Dual Fuel,2316.0
10/24/2017 23:05:00,EDT,Natural Gas,2443.0
10/24/2017 23:05:00,EDT,Nuclear,5356.0
10/24/2017 23:05:00,EDT,Other Fossil Fuels,0.0
10/24/2017 23:05:00,EDT,Other Renewables,282.0
10/24/2017 23:05:00,EDT,Wind,528.0
10/24/2017 23:05:00,EDT,Hydro,2780.0
10/24/2017 23:10:00,EDT,Dual Fuel,2293.0
10/24/2017 23:10:00,EDT,Natural Gas,2433.0
10/24/2017 23:10:00,EDT,Nuclear,5357.0
10/24/2017 23:10:00,EDT,Other Fossil Fuels,0.0
10/24/2017 23:10:00,EDT,Other Renewables,282.0
10/24/2017 23:10:00,EDT,Wind,539.0
10/24/2017 23:10:00,EDT,Hydro,2742.0
10/24/2017 23:15:00,EDT,Dual Fuel,2264.0
10/24/2017 23:15:00,EDT,Natural Gas,2429.0
10/24/2017 23:15:00,EDT,Nuclear,5357.0
10/24/2017 23:15:00,EDT,Other Fossil Fuels,0.0
10/24/2017 23:15:00,EDT,Other Renewables,279.0
10/24/2017 23:15:00,EDT,Wind,538.0
10/24/2017 23:15:00,EDT,Hydro,2659.0
10/24/2017 23:20:00,EDT,Dual Fuel,2235.0
10/24/2017 23:20:00,EDT,Natural Gas,2436.0
10/24/2017 23:20:00,EDT,Nuclear,5357.0
10/24/2017 23:20:00,EDT,Other Fossil Fuels,0.0
10/24/2017 23:20:00,EDT,Other Renewables,278.0
10/24/2017 23:20:00,EDT,Wind,539.0
10/24/2017 23:20:00,EDT,Hydro,2636.0
10/24/2017 23:25:00,EDT,Dual Fuel,2230.0
10/24/2017 23:25:00,EDT,Natural Gas,2435.0
10/24/2017 23:25:00,EDT,Nuclear,5356.0
10/24/2017 23:25:00,EDT,Other Fossil Fuels,0.0
10/24/2017 23:25:00,EDT,Other Renewables,282.0
10/24/2017 23:25:00,EDT,Wind,534.0
10/24/2017 23:25:00,EDT,Hydro,2661.0
10/24/2017 23:30:00,EDT,Dual Fuel,2209.0
10/24/2017 23:30:00,EDT,Natural Gas,2426.0
10/24/2017 23:30:00,EDT,Nuclear,5358.0
10/24/2017 23:30:00,EDT,Other Fossil Fuels,0.0
10/24/2017 23:30:00,EDT,Other Renewables,281.0
10/24/2017 23:30:00,EDT,Wind,527.0
10/24/2017 23:30:00,EDT,Hydro,2595.0
10/24/2017 23:35:00,EDT,Dual Fuel,2219.0
10/24/2017 23:35:00,EDT,Natural Gas,2430.0
10/24/2017 23:35:00,EDT,Nuclear,5358.0
10/24/2017 23:35:00,EDT,Other Fossil Fuels,0.0
10/24/2017 23:35:00,EDT,Other Renewables,284.0
10/24/2017 23:35:00,EDT,Wind,547.0
10/24/2017 23:35:00,EDT,Hydro,2590.0
10/24/2017 23:40:00,EDT,Dual Fuel,2181.0
10/24/2017 23:40:00,EDT,Natural Gas,2425.0
10/24/2017 23:40:00,EDT,Nuclear,5359.0
10/24/2017 23:40:00,EDT,Other Fossil Fuels,0.0
10/24/2017 23:40:00,EDT,Other Renewables,285.0
10/24/2017 23:40:00,EDT,Wind,547.0
10/24/2017 23:40:00,EDT,Hydro,2537.0
10/24/2017 23:45:00,EDT,Dual Fuel,2135.0
10/24/2017 23:45:00,EDT,Natural Gas,2405.0
10/24/2017 23:45:00,EDT,Nuclear,5359.0
10/24/2017 23:45:00,EDT,Other Fossil Fuels,0.0
10/24/2017 23:45:00,EDT,Other Renewables,284.0
10/24/2017 23:45:00,EDT,Wind,555.0
10/24/2017 23:45:00,EDT,Hydro,2517.0
10/24/2017 23:50:00,EDT,Dual Fuel,2098.0
10/24/2017 23:50:00,EDT,Natural Gas,2397.0
10/24/2017 23:50:00,EDT,Nuclear,5362.0
10/24/2017 23:50:00,EDT,Other Fossil Fuels,0.0
10/24/2017 23:50:00,EDT,Other Renewables,282.0
10/24/2017 23:50:00,EDT,Wind,566.0
10/24/2017 23:50:00,EDT,Hydro,2406.0
10/24/2017 23:55:00,EDT,Dual Fuel,2109.0
10/24/2017 23:55:00,EDT,Natural Gas,2408.0
10/24/2017 23:55:00,EDT,Nuclear,5360.0
10/24/2017 23:55:00,EDT,Other Fossil Fuels,0.0
10/24/2017 23:55:00,EDT,Other Renewables,284.0
10/24/2017 23:55:00,EDT,Wind,566.0
10/24/2017 23:55:00,EDT,Hydro,2416.0
10/25/2017 00:00:00,EDT,Dual Fuel,2131.0
10/25/2017 00:00:00,EDT,Natural Gas,2353.0
10/25/2017 00:00:00,EDT,Nuclear,5360.0
10/25/2017 00:00:00,EDT,Other Fossil Fuels,0.0
10/25/2017 00:00:00,EDT,Other Renewables,286.0
10/25/2017 00:00:00,EDT,Wind,579.0
10/25/2017 00:00:00,EDT,Hydro,2312.0
