Time Stamp,Time Zone,Fuel Category,Gen MWh
04/29/2017 00:05:00,EDT,Dual Fuel,1542.0
04/29/2017 00:05:00,EDT,Natural Gas,2336.0
04/29/2017 00:05:00,EDT,Nuclear,3784.0
04/29/2017 00:05:00,EDT,Other Fossil Fuels,0.0
04/29/2017 00:05:00,EDT,Other Renewables,262.0
04/29/2017 00:05:00,EDT,Wind,488.0
04/29/2017 00:05:00,EDT,Hydro,2969.0
04/29/2017 00:10:00,EDT,Dual Fuel,1446.0
04/29/2017 00:10:00,EDT,Natural Gas,2342.0
04/29/2017 00:10:00,EDT,Nuclear,3785.0
04/29/2017 00:10:00,EDT,Other Fossil Fuels,0.0
04/29/2017 00:10:00,EDT,Other Renewables,264.0
04/29/2017 00:10:00,EDT,Wind,506.0
04/29/2017 00:10:00,EDT,Hydro,2952.0
04/29/2017 00:15:00,EDT,Dual Fuel,1403.0
04/29/2017 00:15:00,EDT,Natural Gas,2351.0
04/29/2017 00:15:00,EDT,Nuclear,3783.0
04/29/2017 00:15:00,EDT,Other Fossil Fuels,0.0
04/29/2017 00:15:00,EDT,Other Renewables,265.0
04/29/2017 00:15:00,EDT,Wind,511.0
04/29/2017 00:15:00,EDT,Hydro,2896.0
04/29/2017 00:20:00,EDT,Dual Fuel,1371.0
04/29/2017 00:20:00,EDT,Natural Gas,2310.0
04/29/2017 00:20:00,EDT,Nuclear,3784.0
04/29/2017 00:20:00,EDT,Other Fossil Fuels,0.0
04/29/2017 00:20:00,EDT,Other Renewables,264.0
04/29/2017 00:20:00,EDT,Wind,500.0
04/29/2017 00:20:00,EDT,Hydro,2878.0
04/29/2017 00:25:00,EDT,Dual Fuel,1335.0
04/29/2017 00:25:00,EDT,Natural Gas,2287.0
04/29/2017 00:25:00,EDT,Nuclear,3784.0
04/29/2017 00:25:00,EDT,Other Fossil Fuels,0.0
04/29/2017 00:25:00,EDT,Other Renewables,264.0
04/29/2017 00:25:00,EDT,Wind,498.0
04/29/2017 00:25:00,EDT,Hydro,2862.0
04/29/2017 00:30:00,EDT,Dual Fuel,1295.0
04/29/2017 00:30:00,EDT,Natural Gas,2276.0
04/29/2017 00:30:00,EDT,Nuclear,3781.0
04/29/2017 00:30:00,EDT,Other Fossil Fuels,0.0
04/29/2017 00:30:00,EDT,Other Renewables,263.0
04/29/2017 00:30:00,EDT,Wind,497.0
04/29/2017 00:30:00,EDT,Hydro,2824.0
04/29/2017 00:35:00,EDT,Dual Fuel,1253.0
04/29/2017 00:35:00,EDT,Natural Gas,2271.0
04/29/2017 00:35:00,EDT,Nuclear,3783.0
04/29/2017 00:35:00,EDT,Other Fossil Fuels,0.0
04/29/2017 00:35:00,EDT,Other Renewables,263.0
04/29/2017 00:35:00,EDT,Wind,515.0
04/29/2017 00:35:00,EDT,Hydro,2800.0
04/29/2017 00:40:00,EDT,Dual Fuel,1228.0
04/29/2017 00:40:00,EDT,Natural Gas,2265.0
04/29/2017 00:40:00,EDT,Nuclear,3782.0
04/29/2017 00:40:00,EDT,Other Fossil Fuels,0.0
04/29/2017 00:40:00,EDT,Other Renewables,265.0
04/29/2017 00:40:00,EDT,Wind,526.0
04/29/2017 00:40:00,EDT,Hydro,2776.0
04/29/2017 00:45:00,EDT,Dual Fuel,1210.0
04/29/2017 00:45:00,EDT,Natural Gas,2246.0
04/29/2017 00:45:00,EDT,Nuclear,3783.0
04/29/2017 00:45:00,EDT,Other Fossil Fuels,0.0
04/29/2017 00:45:00,EDT,Other Renewables,265.0
04/29/2017 00:45:00,EDT,Wind,542.0
04/29/2017 00:45:00,EDT,Hydro,2776.0
04/29/2017 00:50:00,EDT,Dual Fuel,1254.0
04/29/2017 00:50:00,EDT,Natural Gas,2246.0
04/29/2017 00:50:00,EDT,Nuclear,3780.0
04/29/2017 00:50:00,EDT,Other Fossil Fuels,0.0
04/29/2017 00:50:00,EDT,Other Renewables,266.0
04/29/2017 00:50:00,EDT,Wind,567.0
04/29/2017 00:50:00,EDT,Hydro,2784.0
04/29/2017 00:55:00,EDT,Dual Fuel,1280.0
04/29/2017 00:55:00,EDT,Natural Gas,2280.0
04/29/2017 00:55:00,EDT,Nuclear,3782.0
04/29/2017 00:55:00,EDT,Other Fossil Fuels,0.0
04/29/2017 00:55:00,EDT,Other Renewables,267.0
04/29/2017 00:55:00,EDT,Wind,588.0
04/29/2017 00:55:00,EDT,Hydro,2709.0
04/29/2017 01:00:00,EDT,Dual Fuel,1268.0
04/29/2017 01:00:00,EDT,Natural Gas,2267.0
04/29/2017 01:00:00,EDT,Nuclear,3782.0
04/29/2017 01:00:00,EDT,Other Fossil Fuels,0.0
04/29/2017 01:00:00,EDT,Other Renewables,265.0
04/29/2017 01:00:00,EDT,Wind,600.0
04/29/2017 01:00:00,EDT,Hydro,2630.0
04/29/2017 01:05:00,EDT,Dual Fuel,1265.0
04/29/2017 01:05:00,EDT,Natural Gas,2220.0
04/29/2017 01:05:00,EDT,Nuclear,3783.0
04/29/2017 01:05:00,EDT,Other Fossil Fuels,0.0
04/29/2017 01:05:00,EDT,Other Renewables,266.0
04/29/2017 01:05:00,EDT,Wind,619.0
04/29/2017 01:05:00,EDT,Hydro,2669.0
04/29/2017 01:10:00,EDT,Dual Fuel,1219.0
04/29/2017 01:10:00,EDT,Natural Gas,2224.0
04/29/2017 01:10:00,EDT,Nuclear,3780.0
04/29/2017 01:10:00,EDT,Other Fossil Fuels,0.0
04/29/2017 01:10:00,EDT,Other Renewables,262.0
04/29/2017 01:10:00,EDT,Wind,629.0
04/29/2017 01:10:00,EDT,Hydro,2781.0
04/29/2017 01:15:00,EDT,Dual Fuel,1248.0
04/29/2017 01:15:00,EDT,Natural Gas,2269.0
04/29/2017 01:15:00,EDT,Nuclear,3782.0
04/29/2017 01:15:00,EDT,Other Fossil Fuels,0.0
04/29/2017 01:15:00,EDT,Other Renewables,262.0
04/29/2017 01:15:00,EDT,Wind,624.0
04/29/2017 01:15:00,EDT,Hydro,2668.0
04/29/2017 01:20:00,EDT,Dual Fuel,1358.0
04/29/2017 01:20:00,EDT,Natural Gas,2312.0
04/29/2017 01:20:00,EDT,Nuclear,3780.0
04/29/2017 01:20:00,EDT,Other Fossil Fuels,0.0
04/29/2017 01:20:00,EDT,Other Renewables,266.0
04/29/2017 01:20:00,EDT,Wind,599.0
04/29/2017 01:20:00,EDT,Hydro,2641.0
04/29/2017 01:25:00,EDT,Dual Fuel,1302.0
04/29/2017 01:25:00,EDT,Natural Gas,2325.0
04/29/2017 01:25:00,EDT,Nuclear,3781.0
04/29/2017 01:25:00,EDT,Other Fossil Fuels,0.0
04/29/2017 01:25:00,EDT,Other Renewables,266.0
04/29/2017 01:25:00,EDT,Wind,560.0
04/29/2017 01:25:00,EDT,Hydro,2698.0
04/29/2017 01:30:00,EDT,Dual Fuel,1231.0
04/29/2017 01:30:00,EDT,Natural Gas,2324.0
04/29/2017 01:30:00,EDT,Nuclear,3782.0
04/29/2017 01:30:00,EDT,Other Fossil Fuels,0.0
04/29/2017 01:30:00,EDT,Other Renewables,264.0
04/29/2017 01:30:00,EDT,Wind,527.0
04/29/2017 01:30:00,EDT,Hydro,2731.0
04/29/2017 01:35:00,EDT,Dual Fuel,1218.0
04/29/2017 01:35:00,EDT,Natural Gas,2309.0
04/29/2017 01:35:00,EDT,Nuclear,3780.0
04/29/2017 01:35:00,EDT,Other Fossil Fuels,0.0
04/29/2017 01:35:00,EDT,Other Renewables,264.0
04/29/2017 01:35:00,EDT,Wind,491.0
04/29/2017 01:35:00,EDT,Hydro,2812.0
04/29/2017 01:40:00,EDT,Dual Fuel,1235.0
04/29/2017 01:40:00,EDT,Natural Gas,2267.0
04/29/2017 01:40:00,EDT,Nuclear,3779.0
04/29/2017 01:40:00,EDT,Other Fossil Fuels,0.0
04/29/2017 01:40:00,EDT,Other Renewables,263.0
04/29/2017 01:40:00,EDT,Wind,473.0
04/29/2017 01:40:00,EDT,Hydro,2841.0
04/29/2017 01:45:00,EDT,Dual Fuel,1237.0
04/29/2017 01:45:00,EDT,Natural Gas,2242.0
04/29/2017 01:45:00,EDT,Nuclear,3781.0
04/29/2017 01:45:00,EDT,Other Fossil Fuels,0.0
04/29/2017 01:45:00,EDT,Other Renewables,261.0
04/29/2017 01:45:00,EDT,Wind,456.0
04/29/2017 01:45:00,EDT,Hydro,2844.0
04/29/2017 01:50:00,EDT,Dual Fuel,1243.0
04/29/2017 01:50:00,EDT,Natural Gas,2209.0
04/29/2017 01:50:00,EDT,Nuclear,3781.0
04/29/2017 01:50:00,EDT,Other Fossil Fuels,0.0
04/29/2017 01:50:00,EDT,Other Renewables,264.0
04/29/2017 01:50:00,EDT,Wind,443.0
04/29/2017 01:50:00,EDT,Hydro,2865.0
04/29/2017 01:55:00,EDT,Dual Fuel,1208.0
04/29/2017 01:55:00,EDT,Natural Gas,2205.0
04/29/2017 01:55:00,EDT,Nuclear,3779.0
04/29/2017 01:55:00,EDT,Other Fossil Fuels,0.0
04/29/2017 01:55:00,EDT,Other Renewables,263.0
04/29/2017 01:55:00,EDT,Wind,465.0
04/29/2017 01:55:00,EDT,Hydro,2845.0
04/29/2017 02:00:00,EDT,Dual Fuel,1199.0
04/29/2017 02:00:00,EDT,Natural Gas,2210.0
04/29/2017 02:00:00,EDT,Nuclear,3778.0
04/29/2017 02:00:00,EDT,Other Fossil Fuels,0.0
04/29/2017 02:00:00,EDT,Other Renewables,261.0
04/29/2017 02:00:00,EDT,Wind,482.0
04/29/2017 02:00:00,EDT,Hydro,2781.0
04/29/2017 02:05:00,EDT,Dual Fuel,1246.0
04/29/2017 02:05:00,EDT,Natural Gas,2213.0
04/29/2017 02:05:00,EDT,Nuclear,3777.0
04/29/2017 02:05:00,EDT,Other Fossil Fuels,0.0
04/29/2017 02:05:00,EDT,Other Renewables,261.0
04/29/2017 02:05:00,EDT,Wind,464.0
04/29/2017 02:05:00,EDT,Hydro,2803.0
04/29/2017 02:10:00,EDT,Dual Fuel,1251.0
04/29/2017 02:10:00,EDT,Natural Gas,2206.0
04/29/2017 02:10:00,EDT,Nuclear,3778.0
04/29/2017 02:10:00,EDT,Other Fossil Fuels,0.0
04/29/2017 02:10:00,EDT,Other Renewables,263.0
04/29/2017 02:10:00,EDT,Wind,469.0
04/29/2017 02:10:00,EDT,Hydro,2825.0
04/29/2017 02:15:00,EDT,Dual Fuel,1244.0
04/29/2017 02:15:00,EDT,Natural Gas,2206.0
04/29/2017 02:15:00,EDT,Nuclear,3780.0
04/29/2017 02:15:00,EDT,Other Fossil Fuels,0.0
04/29/2017 02:15:00,EDT,Other Renewables,261.0
04/29/2017 02:15:00,EDT,Wind,480.0
04/29/2017 02:15:00,EDT,Hydro,2811.0
04/29/2017 02:20:00,EDT,Dual Fuel,1237.0
04/29/2017 02:20:00,EDT,Natural Gas,2208.0
04/29/2017 02:20:00,EDT,Nuclear,3780.0
04/29/2017 02:20:00,EDT,Other Fossil Fuels,0.0
04/29/2017 02:20:00,EDT,Other Renewables,265.0
04/29/2017 02:20:00,EDT,Wind,482.0
04/29/2017 02:20:00,EDT,Hydro,2841.0
04/29/2017 02:25:00,EDT,Dual Fuel,1205.0
04/29/2017 02:25:00,EDT,Natural Gas,2213.0
04/29/2017 02:25:00,EDT,Nuclear,3778.0
04/29/2017 02:25:00,EDT,Other Fossil Fuels,0.0
04/29/2017 02:25:00,EDT,Other Renewables,266.0
04/29/2017 02:25:00,EDT,Wind,469.0
04/29/2017 02:25:00,EDT,Hydro,2862.0
04/29/2017 02:30:00,EDT,Dual Fuel,1162.0
04/29/2017 02:30:00,EDT,Natural Gas,2231.0
04/29/2017 02:30:00,EDT,Nuclear,3778.0
04/29/2017 02:30:00,EDT,Other Fossil Fuels,0.0
04/29/2017 02:30:00,EDT,Other Renewables,264.0
04/29/2017 02:30:00,EDT,Wind,459.0
04/29/2017 02:30:00,EDT,Hydro,2800.0
04/29/2017 02:35:00,EDT,Dual Fuel,1167.0
04/29/2017 02:35:00,EDT,Natural Gas,2221.0
04/29/2017 02:35:00,EDT,Nuclear,3779.0
04/29/2017 02:35:00,EDT,Other Fossil Fuels,0.0
04/29/2017 02:35:00,EDT,Other Renewables,264.0
04/29/2017 02:35:00,EDT,Wind,443.0
04/29/2017 02:35:00,EDT,Hydro,2844.0
04/29/2017 02:40:00,EDT,Dual Fuel,1160.0
04/29/2017 02:40:00,EDT,Natural Gas,2195.0
04/29/2017 02:40:00,EDT,Nuclear,3777.0
04/29/2017 02:40:00,EDT,Other Fossil Fuels,0.0
04/29/2017 02:40:00,EDT,Other Renewables,267.0
04/29/2017 02:40:00,EDT,Wind,428.0
04/29/2017 02:40:00,EDT,Hydro,2853.0
04/29/2017 02:45:00,EDT,Dual Fuel,1165.0
04/29/2017 02:45:00,EDT,Natural Gas,2191.0
04/29/2017 02:45:00,EDT,Nuclear,3778.0
04/29/2017 02:45:00,EDT,Other Fossil Fuels,0.0
04/29/2017 02:45:00,EDT,Other Renewables,264.0
04/29/2017 02:45:00,EDT,Wind,425.0
04/29/2017 02:45:00,EDT,Hydro,2865.0
04/29/2017 02:50:00,EDT,Dual Fuel,1171.0
04/29/2017 02:50:00,EDT,Natural Gas,2203.0
04/29/2017 02:50:00,EDT,Nuclear,3777.0
04/29/2017 02:50:00,EDT,Other Fossil Fuels,0.0
04/29/2017 02:50:00,EDT,Other Renewables,264.0
04/29/2017 02:50:00,EDT,Wind,434.0
04/29/2017 02:50:00,EDT,Hydro,2861.0
04/29/2017 02:55:00,EDT,Dual Fuel,1185.0
04/29/2017 02:55:00,EDT,Natural Gas,2204.0
04/29/2017 02:55:00,EDT,Nuclear,3780.0
04/29/2017 02:55:00,EDT,Other Fossil Fuels,0.0
04/29/2017 02:55:00,EDT,Other Renewables,261.0
04/29/2017 02:55:00,EDT,Wind,442.0
04/29/2017 02:55:00,EDT,Hydro,2794.0
04/29/2017 03:00:00,EDT,Dual Fuel,1193.0
04/29/2017 03:00:00,EDT,Natural Gas,2221.0
04/29/2017 03:00:00,EDT,Nuclear,3778.0
04/29/2017 03:00:00,EDT,Other Fossil Fuels,0.0
04/29/2017 03:00:00,EDT,Other Renewables,263.0
04/29/2017 03:00:00,EDT,Wind,435.0
04/29/2017 03:00:00,EDT,Hydro,2795.0
04/29/2017 03:05:00,EDT,Dual Fuel,1275.0
04/29/2017 03:05:00,EDT,Natural Gas,2240.0
04/29/2017 03:05:00,EDT,Nuclear,3779.0
04/29/2017 03:05:00,EDT,Other Fossil Fuels,0.0
04/29/2017 03:05:00,EDT,Other Renewables,262.0
04/29/2017 03:05:00,EDT,Wind,433.0
04/29/2017 03:05:00,EDT,Hydro,2847.0
04/29/2017 03:10:00,EDT,Dual Fuel,1262.0
04/29/2017 03:10:00,EDT,Natural Gas,2206.0
04/29/2017 03:10:00,EDT,Nuclear,3779.0
04/29/2017 03:10:00,EDT,Other Fossil Fuels,0.0
04/29/2017 03:10:00,EDT,Other Renewables,263.0
04/29/2017 03:10:00,EDT,Wind,420.0
04/29/2017 03:10:00,EDT,Hydro,2844.0
04/29/2017 03:15:00,EDT,Dual Fuel,1260.0
04/29/2017 03:15:00,EDT,Natural Gas,2207.0
04/29/2017 03:15:00,EDT,Nuclear,3779.0
04/29/2017 03:15:00,EDT,Other Fossil Fuels,0.0
04/29/2017 03:15:00,EDT,Other Renewables,265.0
04/29/2017 03:15:00,EDT,Wind,409.0
04/29/2017 03:15:00,EDT,Hydro,2891.0
04/29/2017 03:20:00,EDT,Dual Fuel,1253.0
04/29/2017 03:20:00,EDT,Natural Gas,2215.0
04/29/2017 03:20:00,EDT,Nuclear,3777.0
04/29/2017 03:20:00,EDT,Other Fossil Fuels,0.0
04/29/2017 03:20:00,EDT,Other Renewables,267.0
04/29/2017 03:20:00,EDT,Wind,410.0
04/29/2017 03:20:00,EDT,Hydro,2871.0
04/29/2017 03:25:00,EDT,Dual Fuel,1257.0
04/29/2017 03:25:00,EDT,Natural Gas,2229.0
04/29/2017 03:25:00,EDT,Nuclear,3777.0
04/29/2017 03:25:00,EDT,Other Fossil Fuels,0.0
04/29/2017 03:25:00,EDT,Other Renewables,265.0
04/29/2017 03:25:00,EDT,Wind,425.0
04/29/2017 03:25:00,EDT,Hydro,2856.0
04/29/2017 03:30:00,EDT,Dual Fuel,1238.0
04/29/2017 03:30:00,EDT,Natural Gas,2228.0
04/29/2017 03:30:00,EDT,Nuclear,3776.0
04/29/2017 03:30:00,EDT,Other Fossil Fuels,0.0
04/29/2017 03:30:00,EDT,Other Renewables,266.0
04/29/2017 03:30:00,EDT,Wind,445.0
04/29/2017 03:30:00,EDT,Hydro,2828.0
04/29/2017 03:35:00,EDT,Dual Fuel,1251.0
04/29/2017 03:35:00,EDT,Natural Gas,2219.0
04/29/2017 03:35:00,EDT,Nuclear,3776.0
04/29/2017 03:35:00,EDT,Other Fossil Fuels,0.0
04/29/2017 03:35:00,EDT,Other Renewables,266.0
04/29/2017 03:35:00,EDT,Wind,443.0
04/29/2017 03:35:00,EDT,Hydro,2834.0
04/29/2017 03:40:00,EDT,Dual Fuel,1226.0
04/29/2017 03:40:00,EDT,Natural Gas,2240.0
04/29/2017 03:40:00,EDT,Nuclear,3778.0
04/29/2017 03:40:00,EDT,Other Fossil Fuels,0.0
04/29/2017 03:40:00,EDT,Other Renewables,263.0
04/29/2017 03:40:00,EDT,Wind,443.0
04/29/2017 03:40:00,EDT,Hydro,2803.0
04/29/2017 03:45:00,EDT,Dual Fuel,1223.0
04/29/2017 03:45:00,EDT,Natural Gas,2259.0
04/29/2017 03:45:00,EDT,Nuclear,3778.0
04/29/2017 03:45:00,EDT,Other Fossil Fuels,0.0
04/29/2017 03:45:00,EDT,Other Renewables,259.0
04/29/2017 03:45:00,EDT,Wind,429.0
04/29/2017 03:45:00,EDT,Hydro,2788.0
04/29/2017 03:50:00,EDT,Dual Fuel,1212.0
04/29/2017 03:50:00,EDT,Natural Gas,2243.0
04/29/2017 03:50:00,EDT,Nuclear,3778.0
04/29/2017 03:50:00,EDT,Other Fossil Fuels,0.0
04/29/2017 03:50:00,EDT,Other Renewables,261.0
04/29/2017 03:50:00,EDT,Wind,443.0
04/29/2017 03:50:00,EDT,Hydro,2822.0
04/29/2017 03:55:00,EDT,Dual Fuel,1237.0
04/29/2017 03:55:00,EDT,Natural Gas,2208.0
04/29/2017 03:55:00,EDT,Nuclear,3779.0
04/29/2017 03:55:00,EDT,Other Fossil Fuels,0.0
04/29/2017 03:55:00,EDT,Other Renewables,265.0
04/29/2017 03:55:00,EDT,Wind,465.0
04/29/2017 03:55:00,EDT,Hydro,2821.0
04/29/2017 04:00:00,EDT,Dual Fuel,1237.0
04/29/2017 04:00:00,EDT,Natural Gas,2198.0
04/29/2017 04:00:00,EDT,Nuclear,3779.0
04/29/2017 04:00:00,EDT,Other Fossil Fuels,0.0
04/29/2017 04:00:00,EDT,Other Renewables,261.0
04/29/2017 04:00:00,EDT,Wind,480.0
04/29/2017 04:00:00,EDT,Hydro,2817.0
04/29/2017 04:05:00,EDT,Dual Fuel,1228.0
04/29/2017 04:05:00,EDT,Natural Gas,2215.0
04/29/2017 04:05:00,EDT,Nuclear,3778.0
04/29/2017 04:05:00,EDT,Other Fossil Fuels,0.0
04/29/2017 04:05:00,EDT,Other Renewables,263.0
04/29/2017 04:05:00,EDT,Wind,497.0
04/29/2017 04:05:00,EDT,Hydro,2835.0
04/29/2017 04:10:00,EDT,Dual Fuel,1248.0
04/29/2017 04:10:00,EDT,Natural Gas,2224.0
04/29/2017 04:10:00,EDT,Nuclear,3780.0
04/29/2017 04:10:00,EDT,Other Fossil Fuels,0.0
04/29/2017 04:10:00,EDT,Other Renewables,265.0
04/29/2017 04:10:00,EDT,Wind,534.0
04/29/2017 04:10:00,EDT,Hydro,2827.0
04/29/2017 04:15:00,EDT,Dual Fuel,1246.0
04/29/2017 04:15:00,EDT,Natural Gas,2217.0
04/29/2017 04:15:00,EDT,Nuclear,3778.0
04/29/2017 04:15:00,EDT,Other Fossil Fuels,0.0
04/29/2017 04:15:00,EDT,Other Renewables,261.0
04/29/2017 04:15:00,EDT,Wind,555.0
04/29/2017 04:15:00,EDT,Hydro,2827.0
04/29/2017 04:20:00,EDT,Dual Fuel,1230.0
04/29/2017 04:20:00,EDT,Natural Gas,2241.0
04/29/2017 04:20:00,EDT,Nuclear,3778.0
04/29/2017 04:20:00,EDT,Other Fossil Fuels,0.0
04/29/2017 04:20:00,EDT,Other Renewables,261.0
04/29/2017 04:20:00,EDT,Wind,567.0
04/29/2017 04:20:00,EDT,Hydro,2813.0
04/29/2017 04:25:00,EDT,Dual Fuel,1203.0
04/29/2017 04:25:00,EDT,Natural Gas,2241.0
04/29/2017 04:25:00,EDT,Nuclear,3779.0
04/29/2017 04:25:00,EDT,Other Fossil Fuels,0.0
04/29/2017 04:25:00,EDT,Other Renewables,260.0
04/29/2017 04:25:00,EDT,Wind,556.0
04/29/2017 04:25:00,EDT,Hydro,2821.0
04/29/2017 04:30:00,EDT,Dual Fuel,1189.0
04/29/2017 04:30:00,EDT,Natural Gas,2210.0
04/29/2017 04:30:00,EDT,Nuclear,3779.0
04/29/2017 04:30:00,EDT,Other Fossil Fuels,0.0
04/29/2017 04:30:00,EDT,Other Renewables,265.0
04/29/2017 04:30:00,EDT,Wind,572.0
04/29/2017 04:30:00,EDT,Hydro,2831.0
04/29/2017 04:35:00,EDT,Dual Fuel,1200.0
04/29/2017 04:35:00,EDT,Natural Gas,2200.0
04/29/2017 04:35:00,EDT,Nuclear,3778.0
04/29/2017 04:35:00,EDT,Other Fossil Fuels,0.0
04/29/2017 04:35:00,EDT,Other Renewables,264.0
04/29/2017 04:35:00,EDT,Wind,580.0
04/29/2017 04:35:00,EDT,Hydro,2821.0
04/29/2017 04:40:00,EDT,Dual Fuel,1235.0
04/29/2017 04:40:00,EDT,Natural Gas,2201.0
04/29/2017 04:40:00,EDT,Nuclear,3779.0
04/29/2017 04:40:00,EDT,Other Fossil Fuels,0.0
04/29/2017 04:40:00,EDT,Other Renewables,265.0
04/29/2017 04:40:00,EDT,Wind,584.0
04/29/2017 04:40:00,EDT,Hydro,2804.0
04/29/2017 04:45:00,EDT,Dual Fuel,1224.0
04/29/2017 04:45:00,EDT,Natural Gas,2202.0
04/29/2017 04:45:00,EDT,Nuclear,3780.0
04/29/2017 04:45:00,EDT,Other Fossil Fuels,0.0
04/29/2017 04:45:00,EDT,Other Renewables,263.0
04/29/2017 04:45:00,EDT,Wind,596.0
04/29/2017 04:45:00,EDT,Hydro,2837.0
04/29/2017 04:50:00,EDT,Dual Fuel,1224.0
04/29/2017 04:50:00,EDT,Natural Gas,2212.0
04/29/2017 04:50:00,EDT,Nuclear,3779.0
04/29/2017 04:50:00,EDT,Other Fossil Fuels,0.0
04/29/2017 04:50:00,EDT,Other Renewables,263.0
04/29/2017 04:50:00,EDT,Wind,603.0
04/29/2017 04:50:00,EDT,Hydro,2865.0
04/29/2017 04:55:00,EDT,Dual Fuel,1209.0
04/29/2017 04:55:00,EDT,Natural Gas,2238.0
04/29/2017 04:55:00,EDT,Nuclear,3781.0
04/29/2017 04:55:00,EDT,Other Fossil Fuels,0.0
04/29/2017 04:55:00,EDT,Other Renewables,262.0
04/29/2017 04:55:00,EDT,Wind,619.0
04/29/2017 04:55:00,EDT,Hydro,2838.0
04/29/2017 05:00:00,EDT,Dual Fuel,1234.0
04/29/2017 05:00:00,EDT,Natural Gas,2220.0
04/29/2017 05:00:00,EDT,Nuclear,3783.0
04/29/2017 05:00:00,EDT,Other Fossil Fuels,0.0
04/29/2017 05:00:00,EDT,Other Renewables,263.0
04/29/2017 05:00:00,EDT,Wind,614.0
04/29/2017 05:00:00,EDT,Hydro,2806.0
04/29/2017 05:05:00,EDT,Dual Fuel,1274.0
04/29/2017 05:05:00,EDT,Natural Gas,2206.0
04/29/2017 05:05:00,EDT,Nuclear,3783.0
04/29/2017 05:05:00,EDT,Other Fossil Fuels,0.0
04/29/2017 05:05:00,EDT,Other Renewables,261.0
04/29/2017 05:05:00,EDT,Wind,610.0
04/29/2017 05:05:00,EDT,Hydro,2835.0
04/29/2017 05:10:00,EDT,Dual Fuel,1368.0
04/29/2017 05:10:00,EDT,Natural Gas,2204.0
04/29/2017 05:10:00,EDT,Nuclear,3784.0
04/29/2017 05:10:00,EDT,Other Fossil Fuels,0.0
04/29/2017 05:10:00,EDT,Other Renewables,258.0
04/29/2017 05:10:00,EDT,Wind,614.0
04/29/2017 05:10:00,EDT,Hydro,2802.0
04/29/2017 05:15:00,EDT,Dual Fuel,1372.0
04/29/2017 05:15:00,EDT,Natural Gas,2114.0
04/29/2017 05:15:00,EDT,Nuclear,3783.0
04/29/2017 05:15:00,EDT,Other Fossil Fuels,0.0
04/29/2017 05:15:00,EDT,Other Renewables,258.0
04/29/2017 05:15:00,EDT,Wind,597.0
04/29/2017 05:15:00,EDT,Hydro,2823.0
04/29/2017 05:20:00,EDT,Dual Fuel,1368.0
04/29/2017 05:20:00,EDT,Natural Gas,2074.0
04/29/2017 05:20:00,EDT,Nuclear,3784.0
04/29/2017 05:20:00,EDT,Other Fossil Fuels,0.0
04/29/2017 05:20:00,EDT,Other Renewables,259.0
04/29/2017 05:20:00,EDT,Wind,582.0
04/29/2017 05:20:00,EDT,Hydro,2842.0
04/29/2017 05:25:00,EDT,Dual Fuel,1409.0
04/29/2017 05:25:00,EDT,Natural Gas,2159.0
04/29/2017 05:25:00,EDT,Nuclear,3784.0
04/29/2017 05:25:00,EDT,Other Fossil Fuels,0.0
04/29/2017 05:25:00,EDT,Other Renewables,261.0
04/29/2017 05:25:00,EDT,Wind,597.0
04/29/2017 05:25:00,EDT,Hydro,2802.0
04/29/2017 05:30:00,EDT,Dual Fuel,1447.0
04/29/2017 05:30:00,EDT,Natural Gas,2185.0
04/29/2017 05:30:00,EDT,Nuclear,3786.0
04/29/2017 05:30:00,EDT,Other Fossil Fuels,0.0
04/29/2017 05:30:00,EDT,Other Renewables,264.0
04/29/2017 05:30:00,EDT,Wind,585.0
04/29/2017 05:30:00,EDT,Hydro,2773.0
04/29/2017 05:35:00,EDT,Dual Fuel,1440.0
04/29/2017 05:35:00,EDT,Natural Gas,2158.0
04/29/2017 05:35:00,EDT,Nuclear,3786.0
04/29/2017 05:35:00,EDT,Other Fossil Fuels,0.0
04/29/2017 05:35:00,EDT,Other Renewables,266.0
04/29/2017 05:35:00,EDT,Wind,560.0
04/29/2017 05:35:00,EDT,Hydro,2777.0
04/29/2017 05:40:00,EDT,Dual Fuel,1437.0
04/29/2017 05:40:00,EDT,Natural Gas,2118.0
04/29/2017 05:40:00,EDT,Nuclear,3785.0
04/29/2017 05:40:00,EDT,Other Fossil Fuels,0.0
04/29/2017 05:40:00,EDT,Other Renewables,263.0
04/29/2017 05:40:00,EDT,Wind,556.0
04/29/2017 05:40:00,EDT,Hydro,2780.0
04/29/2017 05:45:00,EDT,Dual Fuel,1422.0
04/29/2017 05:45:00,EDT,Natural Gas,2135.0
04/29/2017 05:45:00,EDT,Nuclear,3787.0
04/29/2017 05:45:00,EDT,Other Fossil Fuels,0.0
04/29/2017 05:45:00,EDT,Other Renewables,263.0
04/29/2017 05:45:00,EDT,Wind,544.0
04/29/2017 05:45:00,EDT,Hydro,2775.0
04/29/2017 05:50:00,EDT,Dual Fuel,1443.0
04/29/2017 05:50:00,EDT,Natural Gas,2153.0
04/29/2017 05:50:00,EDT,Nuclear,3789.0
04/29/2017 05:50:00,EDT,Other Fossil Fuels,0.0
04/29/2017 05:50:00,EDT,Other Renewables,263.0
04/29/2017 05:50:00,EDT,Wind,548.0
04/29/2017 05:50:00,EDT,Hydro,2810.0
04/29/2017 05:55:00,EDT,Dual Fuel,1454.0
04/29/2017 05:55:00,EDT,Natural Gas,2145.0
04/29/2017 05:55:00,EDT,Nuclear,3786.0
04/29/2017 05:55:00,EDT,Other Fossil Fuels,0.0
04/29/2017 05:55:00,EDT,Other Renewables,258.0
04/29/2017 05:55:00,EDT,Wind,566.0
04/29/2017 05:55:00,EDT,Hydro,2804.0
04/29/2017 06:00:00,EDT,Dual Fuel,1447.0
04/29/2017 06:00:00,EDT,Natural Gas,2059.0
04/29/2017 06:00:00,EDT,Nuclear,3787.0
04/29/2017 06:00:00,EDT,Other Fossil Fuels,0.0
04/29/2017 06:00:00,EDT,Other Renewables,259.0
04/29/2017 06:00:00,EDT,Wind,560.0
04/29/2017 06:00:00,EDT,Hydro,2865.0
04/29/2017 06:05:00,EDT,Dual Fuel,1452.0
04/29/2017 06:05:00,EDT,Natural Gas,1996.0
04/29/2017 06:05:00,EDT,Nuclear,3787.0
04/29/2017 06:05:00,EDT,Other Fossil Fuels,0.0
04/29/2017 06:05:00,EDT,Other Renewables,262.0
04/29/2017 06:05:00,EDT,Wind,535.0
04/29/2017 06:05:00,EDT,Hydro,2870.0
04/29/2017 06:10:00,EDT,Dual Fuel,1445.0
04/29/2017 06:10:00,EDT,Natural Gas,2065.0
04/29/2017 06:10:00,EDT,Nuclear,3787.0
04/29/2017 06:10:00,EDT,Other Fossil Fuels,0.0
04/29/2017 06:10:00,EDT,Other Renewables,261.0
04/29/2017 06:10:00,EDT,Wind,534.0
04/29/2017 06:10:00,EDT,Hydro,2819.0
04/29/2017 06:15:00,EDT,Dual Fuel,1440.0
04/29/2017 06:15:00,EDT,Natural Gas,2145.0
04/29/2017 06:15:00,EDT,Nuclear,3786.0
04/29/2017 06:15:00,EDT,Other Fossil Fuels,0.0
04/29/2017 06:15:00,EDT,Other Renewables,260.0
04/29/2017 06:15:00,EDT,Wind,525.0
04/29/2017 06:15:00,EDT,Hydro,2804.0
04/29/2017 06:20:00,EDT,Dual Fuel,1423.0
04/29/2017 06:20:00,EDT,Natural Gas,2170.0
04/29/2017 06:20:00,EDT,Nuclear,3788.0
04/29/2017 06:20:00,EDT,Other Fossil Fuels,0.0
04/29/2017 06:20:00,EDT,Other Renewables,262.0
04/29/2017 06:20:00,EDT,Wind,512.0
04/29/2017 06:20:00,EDT,Hydro,2818.0
04/29/2017 06:25:00,EDT,Dual Fuel,1429.0
04/29/2017 06:25:00,EDT,Natural Gas,2182.0
04/29/2017 06:25:00,EDT,Nuclear,3787.0
04/29/2017 06:25:00,EDT,Other Fossil Fuels,0.0
04/29/2017 06:25:00,EDT,Other Renewables,262.0
04/29/2017 06:25:00,EDT,Wind,492.0
04/29/2017 06:25:00,EDT,Hydro,2861.0
04/29/2017 06:30:00,EDT,Dual Fuel,1430.0
04/29/2017 06:30:00,EDT,Natural Gas,2169.0
04/29/2017 06:30:00,EDT,Nuclear,3786.0
04/29/2017 06:30:00,EDT,Other Fossil Fuels,0.0
04/29/2017 06:30:00,EDT,Other Renewables,261.0
04/29/2017 06:30:00,EDT,Wind,470.0
04/29/2017 06:30:00,EDT,Hydro,2877.0
04/29/2017 06:35:00,EDT,Dual Fuel,1444.0
04/29/2017 06:35:00,EDT,Natural Gas,2142.0
04/29/2017 06:35:00,EDT,Nuclear,3785.0
04/29/2017 06:35:00,EDT,Other Fossil Fuels,0.0
04/29/2017 06:35:00,EDT,Other Renewables,260.0
04/29/2017 06:35:00,EDT,Wind,459.0
04/29/2017 06:35:00,EDT,Hydro,2898.0
04/29/2017 06:40:00,EDT,Dual Fuel,1431.0
04/29/2017 06:40:00,EDT,Natural Gas,2140.0
04/29/2017 06:40:00,EDT,Nuclear,3784.0
04/29/2017 06:40:00,EDT,Other Fossil Fuels,0.0
04/29/2017 06:40:00,EDT,Other Renewables,262.0
04/29/2017 06:40:00,EDT,Wind,474.0
04/29/2017 06:40:00,EDT,Hydro,2871.0
04/29/2017 06:45:00,EDT,Dual Fuel,1422.0
04/29/2017 06:45:00,EDT,Natural Gas,2162.0
04/29/2017 06:45:00,EDT,Nuclear,3784.0
04/29/2017 06:45:00,EDT,Other Fossil Fuels,0.0
04/29/2017 06:45:00,EDT,Other Renewables,263.0
04/29/2017 06:45:00,EDT,Wind,499.0
04/29/2017 06:45:00,EDT,Hydro,2859.0
04/29/2017 06:50:00,EDT,Dual Fuel,1423.0
04/29/2017 06:50:00,EDT,Natural Gas,2145.0
04/29/2017 06:50:00,EDT,Nuclear,3783.0
04/29/2017 06:50:00,EDT,Other Fossil Fuels,0.0
04/29/2017 06:50:00,EDT,Other Renewables,262.0
04/29/2017 06:50:00,EDT,Wind,516.0
04/29/2017 06:50:00,EDT,Hydro,2858.0
04/29/2017 06:55:00,EDT,Dual Fuel,1434.0
04/29/2017 06:55:00,EDT,Natural Gas,2172.0
04/29/2017 06:55:00,EDT,Nuclear,3786.0
04/29/2017 06:55:00,EDT,Other Fossil Fuels,0.0
04/29/2017 06:55:00,EDT,Other Renewables,262.0
04/29/2017 06:55:00,EDT,Wind,535.0
04/29/2017 06:55:00,EDT,Hydro,2869.0
04/29/2017 07:00:00,EDT,Dual Fuel,1433.0
04/29/2017 07:00:00,EDT,Natural Gas,2164.0
04/29/2017 07:00:00,EDT,Nuclear,3786.0
04/29/2017 07:00:00,EDT,Other Fossil Fuels,0.0
04/29/2017 07:00:00,EDT,Other Renewables,263.0
04/29/2017 07:00:00,EDT,Wind,552.0
04/29/2017 07:00:00,EDT,Hydro,2928.0
04/29/2017 07:05:00,EDT,Dual Fuel,1448.0
04/29/2017 07:05:00,EDT,Natural Gas,2107.0
04/29/2017 07:05:00,EDT,Nuclear,3785.0
04/29/2017 07:05:00,EDT,Other Fossil Fuels,0.0
04/29/2017 07:05:00,EDT,Other Renewables,266.0
04/29/2017 07:05:00,EDT,Wind,564.0
04/29/2017 07:05:00,EDT,Hydro,3015.0
04/29/2017 07:10:00,EDT,Dual Fuel,1446.0
04/29/2017 07:10:00,EDT,Natural Gas,2126.0
04/29/2017 07:10:00,EDT,Nuclear,3785.0
04/29/2017 07:10:00,EDT,Other Fossil Fuels,0.0
04/29/2017 07:10:00,EDT,Other Renewables,265.0
04/29/2017 07:10:00,EDT,Wind,588.0
04/29/2017 07:10:00,EDT,Hydro,3058.0
04/29/2017 07:15:00,EDT,Dual Fuel,1453.0
04/29/2017 07:15:00,EDT,Natural Gas,2149.0
04/29/2017 07:15:00,EDT,Nuclear,3783.0
04/29/2017 07:15:00,EDT,Other Fossil Fuels,0.0
04/29/2017 07:15:00,EDT,Other Renewables,263.0
04/29/2017 07:15:00,EDT,Wind,618.0
04/29/2017 07:15:00,EDT,Hydro,3031.0
04/29/2017 07:20:00,EDT,Dual Fuel,1473.0
04/29/2017 07:20:00,EDT,Natural Gas,2090.0
04/29/2017 07:20:00,EDT,Nuclear,3782.0
04/29/2017 07:20:00,EDT,Other Fossil Fuels,0.0
04/29/2017 07:20:00,EDT,Other Renewables,262.0
04/29/2017 07:20:00,EDT,Wind,637.0
04/29/2017 07:20:00,EDT,Hydro,3083.0
04/29/2017 07:25:00,EDT,Dual Fuel,1461.0
04/29/2017 07:25:00,EDT,Natural Gas,2096.0
04/29/2017 07:25:00,EDT,Nuclear,3782.0
04/29/2017 07:25:00,EDT,Other Fossil Fuels,0.0
04/29/2017 07:25:00,EDT,Other Renewables,264.0
04/29/2017 07:25:00,EDT,Wind,635.0
04/29/2017 07:25:00,EDT,Hydro,3089.0
04/29/2017 07:30:00,EDT,Dual Fuel,1481.0
04/29/2017 07:30:00,EDT,Natural Gas,2098.0
04/29/2017 07:30:00,EDT,Nuclear,3782.0
04/29/2017 07:30:00,EDT,Other Fossil Fuels,0.0
04/29/2017 07:30:00,EDT,Other Renewables,266.0
04/29/2017 07:30:00,EDT,Wind,621.0
04/29/2017 07:30:00,EDT,Hydro,3095.0
04/29/2017 07:35:00,EDT,Dual Fuel,1510.0
04/29/2017 07:35:00,EDT,Natural Gas,2126.0
04/29/2017 07:35:00,EDT,Nuclear,3782.0
04/29/2017 07:35:00,EDT,Other Fossil Fuels,0.0
04/29/2017 07:35:00,EDT,Other Renewables,265.0
04/29/2017 07:35:00,EDT,Wind,601.0
04/29/2017 07:35:00,EDT,Hydro,3089.0
04/29/2017 07:40:00,EDT,Dual Fuel,1538.0
04/29/2017 07:40:00,EDT,Natural Gas,2197.0
04/29/2017 07:40:00,EDT,Nuclear,3783.0
04/29/2017 07:40:00,EDT,Other Fossil Fuels,0.0
04/29/2017 07:40:00,EDT,Other Renewables,265.0
04/29/2017 07:40:00,EDT,Wind,590.0
04/29/2017 07:40:00,EDT,Hydro,3079.0
04/29/2017 07:45:00,EDT,Dual Fuel,1635.0
04/29/2017 07:45:00,EDT,Natural Gas,2196.0
04/29/2017 07:45:00,EDT,Nuclear,3784.0
04/29/2017 07:45:00,EDT,Other Fossil Fuels,0.0
04/29/2017 07:45:00,EDT,Other Renewables,264.0
04/29/2017 07:45:00,EDT,Wind,581.0
04/29/2017 07:45:00,EDT,Hydro,3082.0
04/29/2017 07:50:00,EDT,Dual Fuel,1666.0
04/29/2017 07:50:00,EDT,Natural Gas,2235.0
04/29/2017 07:50:00,EDT,Nuclear,3783.0
04/29/2017 07:50:00,EDT,Other Fossil Fuels,0.0
04/29/2017 07:50:00,EDT,Other Renewables,268.0
04/29/2017 07:50:00,EDT,Wind,596.0
04/29/2017 07:50:00,EDT,Hydro,3097.0
04/29/2017 07:55:00,EDT,Dual Fuel,1754.0
04/29/2017 07:55:00,EDT,Natural Gas,2259.0
04/29/2017 07:55:00,EDT,Nuclear,3782.0
04/29/2017 07:55:00,EDT,Other Fossil Fuels,0.0
04/29/2017 07:55:00,EDT,Other Renewables,267.0
04/29/2017 07:55:00,EDT,Wind,574.0
04/29/2017 07:55:00,EDT,Hydro,3104.0
04/29/2017 08:00:00,EDT,Dual Fuel,1801.0
04/29/2017 08:00:00,EDT,Natural Gas,2233.0
04/29/2017 08:00:00,EDT,Nuclear,3783.0
04/29/2017 08:00:00,EDT,Other Fossil Fuels,0.0
04/29/2017 08:00:00,EDT,Other Renewables,264.0
04/29/2017 08:00:00,EDT,Wind,554.0
04/29/2017 08:00:00,EDT,Hydro,3118.0
04/29/2017 08:05:00,EDT,Dual Fuel,1854.0
04/29/2017 08:05:00,EDT,Natural Gas,2189.0
04/29/2017 08:05:00,EDT,Nuclear,3782.0
04/29/2017 08:05:00,EDT,Other Fossil Fuels,0.0
04/29/2017 08:05:00,EDT,Other Renewables,264.0
04/29/2017 08:05:00,EDT,Wind,568.0
04/29/2017 08:05:00,EDT,Hydro,3232.0
04/29/2017 08:10:00,EDT,Dual Fuel,1907.0
04/29/2017 08:10:00,EDT,Natural Gas,2219.0
04/29/2017 08:10:00,EDT,Nuclear,3784.0
04/29/2017 08:10:00,EDT,Other Fossil Fuels,0.0
04/29/2017 08:10:00,EDT,Other Renewables,270.0
04/29/2017 08:10:00,EDT,Wind,589.0
04/29/2017 08:10:00,EDT,Hydro,3275.0
04/29/2017 08:15:00,EDT,Dual Fuel,1937.0
04/29/2017 08:15:00,EDT,Natural Gas,2228.0
04/29/2017 08:15:00,EDT,Nuclear,3781.0
04/29/2017 08:15:00,EDT,Other Fossil Fuels,0.0
04/29/2017 08:15:00,EDT,Other Renewables,270.0
04/29/2017 08:15:00,EDT,Wind,588.0
04/29/2017 08:15:00,EDT,Hydro,3308.0
04/29/2017 08:20:00,EDT,Dual Fuel,2013.0
04/29/2017 08:20:00,EDT,Natural Gas,2258.0
04/29/2017 08:20:00,EDT,Nuclear,3783.0
04/29/2017 08:20:00,EDT,Other Fossil Fuels,0.0
04/29/2017 08:20:00,EDT,Other Renewables,267.0
04/29/2017 08:20:00,EDT,Wind,584.0
04/29/2017 08:20:00,EDT,Hydro,3374.0
04/29/2017 08:25:00,EDT,Dual Fuel,2075.0
04/29/2017 08:25:00,EDT,Natural Gas,2398.0
04/29/2017 08:25:00,EDT,Nuclear,3783.0
04/29/2017 08:25:00,EDT,Other Fossil Fuels,0.0
04/29/2017 08:25:00,EDT,Other Renewables,271.0
04/29/2017 08:25:00,EDT,Wind,569.0
04/29/2017 08:25:00,EDT,Hydro,3367.0
04/29/2017 08:30:00,EDT,Dual Fuel,2060.0
04/29/2017 08:30:00,EDT,Natural Gas,2448.0
04/29/2017 08:30:00,EDT,Nuclear,3782.0
04/29/2017 08:30:00,EDT,Other Fossil Fuels,0.0
04/29/2017 08:30:00,EDT,Other Renewables,272.0
04/29/2017 08:30:00,EDT,Wind,577.0
04/29/2017 08:30:00,EDT,Hydro,3313.0
04/29/2017 08:35:00,EDT,Dual Fuel,2058.0
04/29/2017 08:35:00,EDT,Natural Gas,2455.0
04/29/2017 08:35:00,EDT,Nuclear,3783.0
04/29/2017 08:35:00,EDT,Other Fossil Fuels,0.0
04/29/2017 08:35:00,EDT,Other Renewables,267.0
04/29/2017 08:35:00,EDT,Wind,584.0
04/29/2017 08:35:00,EDT,Hydro,3365.0
04/29/2017 08:40:00,EDT,Dual Fuel,2094.0
04/29/2017 08:40:00,EDT,Natural Gas,2478.0
04/29/2017 08:40:00,EDT,Nuclear,3781.0
04/29/2017 08:40:00,EDT,Other Fossil Fuels,0.0
04/29/2017 08:40:00,EDT,Other Renewables,263.0
04/29/2017 08:40:00,EDT,Wind,573.0
04/29/2017 08:40:00,EDT,Hydro,3381.0
04/29/2017 08:45:00,EDT,Dual Fuel,2082.0
04/29/2017 08:45:00,EDT,Natural Gas,2494.0
04/29/2017 08:45:00,EDT,Nuclear,3782.0
04/29/2017 08:45:00,EDT,Other Fossil Fuels,0.0
04/29/2017 08:45:00,EDT,Other Renewables,262.0
04/29/2017 08:45:00,EDT,Wind,584.0
04/29/2017 08:45:00,EDT,Hydro,3363.0
04/29/2017 08:50:00,EDT,Dual Fuel,2066.0
04/29/2017 08:50:00,EDT,Natural Gas,2473.0
04/29/2017 08:50:00,EDT,Nuclear,3783.0
04/29/2017 08:50:00,EDT,Other Fossil Fuels,0.0
04/29/2017 08:50:00,EDT,Other Renewables,262.0
04/29/2017 08:50:00,EDT,Wind,569.0
04/29/2017 08:50:00,EDT,Hydro,3379.0
04/29/2017 08:55:00,EDT,Dual Fuel,2046.0
04/29/2017 08:55:00,EDT,Natural Gas,2481.0
04/29/2017 08:55:00,EDT,Nuclear,3783.0
04/29/2017 08:55:00,EDT,Other Fossil Fuels,0.0
04/29/2017 08:55:00,EDT,Other Renewables,261.0
04/29/2017 08:55:00,EDT,Wind,555.0
04/29/2017 08:55:00,EDT,Hydro,3383.0
04/29/2017 09:00:00,EDT,Dual Fuel,2108.0
04/29/2017 09:00:00,EDT,Natural Gas,2452.0
04/29/2017 09:00:00,EDT,Nuclear,3781.0
04/29/2017 09:00:00,EDT,Other Fossil Fuels,0.0
04/29/2017 09:00:00,EDT,Other Renewables,262.0
04/29/2017 09:00:00,EDT,Wind,548.0
04/29/2017 09:00:00,EDT,Hydro,3389.0
04/29/2017 09:05:00,EDT,Dual Fuel,2229.0
04/29/2017 09:05:00,EDT,Natural Gas,2432.0
04/29/2017 09:05:00,EDT,Nuclear,3784.0
04/29/2017 09:05:00,EDT,Other Fossil Fuels,0.0
04/29/2017 09:05:00,EDT,Other Renewables,265.0
04/29/2017 09:05:00,EDT,Wind,551.0
04/29/2017 09:05:00,EDT,Hydro,3494.0
04/29/2017 09:10:00,EDT,Dual Fuel,2294.0
04/29/2017 09:10:00,EDT,Natural Gas,2535.0
04/29/2017 09:10:00,EDT,Nuclear,3783.0
04/29/2017 09:10:00,EDT,Other Fossil Fuels,0.0
04/29/2017 09:10:00,EDT,Other Renewables,271.0
04/29/2017 09:10:00,EDT,Wind,546.0
04/29/2017 09:10:00,EDT,Hydro,3622.0
04/29/2017 09:15:00,EDT,Dual Fuel,2278.0
04/29/2017 09:15:00,EDT,Natural Gas,2579.0
04/29/2017 09:15:00,EDT,Nuclear,3782.0
04/29/2017 09:15:00,EDT,Other Fossil Fuels,0.0
04/29/2017 09:15:00,EDT,Other Renewables,271.0
04/29/2017 09:15:00,EDT,Wind,540.0
04/29/2017 09:15:00,EDT,Hydro,3640.0
04/29/2017 09:20:00,EDT,Dual Fuel,2266.0
04/29/2017 09:20:00,EDT,Natural Gas,2605.0
04/29/2017 09:20:00,EDT,Nuclear,3784.0
04/29/2017 09:20:00,EDT,Other Fossil Fuels,0.0
04/29/2017 09:20:00,EDT,Other Renewables,271.0
04/29/2017 09:20:00,EDT,Wind,516.0
04/29/2017 09:20:00,EDT,Hydro,3613.0
04/29/2017 09:25:00,EDT,Dual Fuel,2302.0
04/29/2017 09:25:00,EDT,Natural Gas,2607.0
04/29/2017 09:25:00,EDT,Nuclear,3783.0
04/29/2017 09:25:00,EDT,Other Fossil Fuels,0.0
04/29/2017 09:25:00,EDT,Other Renewables,272.0
04/29/2017 09:25:00,EDT,Wind,487.0
04/29/2017 09:25:00,EDT,Hydro,3635.0
04/29/2017 09:30:00,EDT,Dual Fuel,2316.0
04/29/2017 09:30:00,EDT,Natural Gas,2606.0
04/29/2017 09:30:00,EDT,Nuclear,3784.0
04/29/2017 09:30:00,EDT,Other Fossil Fuels,0.0
04/29/2017 09:30:00,EDT,Other Renewables,275.0
04/29/2017 09:30:00,EDT,Wind,484.0
04/29/2017 09:30:00,EDT,Hydro,3717.0
04/29/2017 09:35:00,EDT,Dual Fuel,2354.0
04/29/2017 09:35:00,EDT,Natural Gas,2578.0
04/29/2017 09:35:00,EDT,Nuclear,3785.0
04/29/2017 09:35:00,EDT,Other Fossil Fuels,0.0
04/29/2017 09:35:00,EDT,Other Renewables,279.0
04/29/2017 09:35:00,EDT,Wind,468.0
04/29/2017 09:35:00,EDT,Hydro,3727.0
04/29/2017 09:40:00,EDT,Dual Fuel,2380.0
04/29/2017 09:40:00,EDT,Natural Gas,2538.0
04/29/2017 09:40:00,EDT,Nuclear,3783.0
04/29/2017 09:40:00,EDT,Other Fossil Fuels,0.0
04/29/2017 09:40:00,EDT,Other Renewables,281.0
04/29/2017 09:40:00,EDT,Wind,461.0
04/29/2017 09:40:00,EDT,Hydro,3757.0
04/29/2017 09:45:00,EDT,Dual Fuel,2389.0
04/29/2017 09:45:00,EDT,Natural Gas,2583.0
04/29/2017 09:45:00,EDT,Nuclear,3783.0
04/29/2017 09:45:00,EDT,Other Fossil Fuels,0.0
04/29/2017 09:45:00,EDT,Other Renewables,279.0
04/29/2017 09:45:00,EDT,Wind,454.0
04/29/2017 09:45:00,EDT,Hydro,3750.0
04/29/2017 09:50:00,EDT,Dual Fuel,2408.0
04/29/2017 09:50:00,EDT,Natural Gas,2602.0
04/29/2017 09:50:00,EDT,Nuclear,3784.0
04/29/2017 09:50:00,EDT,Other Fossil Fuels,0.0
04/29/2017 09:50:00,EDT,Other Renewables,282.0
04/29/2017 09:50:00,EDT,Wind,471.0
04/29/2017 09:50:00,EDT,Hydro,3691.0
04/29/2017 09:55:00,EDT,Dual Fuel,2440.0
04/29/2017 09:55:00,EDT,Natural Gas,2602.0
04/29/2017 09:55:00,EDT,Nuclear,3785.0
04/29/2017 09:55:00,EDT,Other Fossil Fuels,0.0
04/29/2017 09:55:00,EDT,Other Renewables,279.0
04/29/2017 09:55:00,EDT,Wind,472.0
04/29/2017 09:55:00,EDT,Hydro,3666.0
04/29/2017 10:00:00,EDT,Dual Fuel,2442.0
04/29/2017 10:00:00,EDT,Natural Gas,2609.0
04/29/2017 10:00:00,EDT,Nuclear,3784.0
04/29/2017 10:00:00,EDT,Other Fossil Fuels,0.0
04/29/2017 10:00:00,EDT,Other Renewables,280.0
04/29/2017 10:00:00,EDT,Wind,469.0
04/29/2017 10:00:00,EDT,Hydro,3699.0
04/29/2017 10:05:00,EDT,Dual Fuel,2401.0
04/29/2017 10:05:00,EDT,Natural Gas,2629.0
04/29/2017 10:05:00,EDT,Nuclear,3785.0
04/29/2017 10:05:00,EDT,Other Fossil Fuels,0.0
04/29/2017 10:05:00,EDT,Other Renewables,279.0
04/29/2017 10:05:00,EDT,Wind,462.0
04/29/2017 10:05:00,EDT,Hydro,3827.0
04/29/2017 10:10:00,EDT,Dual Fuel,2403.0
04/29/2017 10:10:00,EDT,Natural Gas,2676.0
04/29/2017 10:10:00,EDT,Nuclear,3784.0
04/29/2017 10:10:00,EDT,Other Fossil Fuels,0.0
04/29/2017 10:10:00,EDT,Other Renewables,282.0
04/29/2017 10:10:00,EDT,Wind,482.0
04/29/2017 10:10:00,EDT,Hydro,3830.0
04/29/2017 10:15:00,EDT,Dual Fuel,2417.0
04/29/2017 10:15:00,EDT,Natural Gas,2725.0
04/29/2017 10:15:00,EDT,Nuclear,3783.0
04/29/2017 10:15:00,EDT,Other Fossil Fuels,0.0
04/29/2017 10:15:00,EDT,Other Renewables,286.0
04/29/2017 10:15:00,EDT,Wind,485.0
04/29/2017 10:15:00,EDT,Hydro,3831.0
04/29/2017 10:20:00,EDT,Dual Fuel,2459.0
04/29/2017 10:20:00,EDT,Natural Gas,2744.0
04/29/2017 10:20:00,EDT,Nuclear,3783.0
04/29/2017 10:20:00,EDT,Other Fossil Fuels,0.0
04/29/2017 10:20:00,EDT,Other Renewables,286.0
04/29/2017 10:20:00,EDT,Wind,477.0
04/29/2017 10:20:00,EDT,Hydro,3865.0
04/29/2017 10:25:00,EDT,Dual Fuel,2503.0
04/29/2017 10:25:00,EDT,Natural Gas,2782.0
04/29/2017 10:25:00,EDT,Nuclear,3785.0
04/29/2017 10:25:00,EDT,Other Fossil Fuels,0.0
04/29/2017 10:25:00,EDT,Other Renewables,284.0
04/29/2017 10:25:00,EDT,Wind,469.0
04/29/2017 10:25:00,EDT,Hydro,3912.0
04/29/2017 10:30:00,EDT,Dual Fuel,2489.0
04/29/2017 10:30:00,EDT,Natural Gas,2798.0
04/29/2017 10:30:00,EDT,Nuclear,3783.0
04/29/2017 10:30:00,EDT,Other Fossil Fuels,0.0
04/29/2017 10:30:00,EDT,Other Renewables,289.0
04/29/2017 10:30:00,EDT,Wind,475.0
04/29/2017 10:30:00,EDT,Hydro,3957.0
04/29/2017 10:35:00,EDT,Dual Fuel,2444.0
04/29/2017 10:35:00,EDT,Natural Gas,2794.0
04/29/2017 10:35:00,EDT,Nuclear,3782.0
04/29/2017 10:35:00,EDT,Other Fossil Fuels,0.0
04/29/2017 10:35:00,EDT,Other Renewables,289.0
04/29/2017 10:35:00,EDT,Wind,499.0
04/29/2017 10:35:00,EDT,Hydro,3922.0
04/29/2017 10:40:00,EDT,Dual Fuel,2436.0
04/29/2017 10:40:00,EDT,Natural Gas,2781.0
04/29/2017 10:40:00,EDT,Nuclear,3783.0
04/29/2017 10:40:00,EDT,Other Fossil Fuels,0.0
04/29/2017 10:40:00,EDT,Other Renewables,284.0
04/29/2017 10:40:00,EDT,Wind,539.0
04/29/2017 10:40:00,EDT,Hydro,3878.0
04/29/2017 10:45:00,EDT,Dual Fuel,2472.0
04/29/2017 10:45:00,EDT,Natural Gas,2775.0
04/29/2017 10:45:00,EDT,Nuclear,3783.0
04/29/2017 10:45:00,EDT,Other Fossil Fuels,0.0
04/29/2017 10:45:00,EDT,Other Renewables,284.0
04/29/2017 10:45:00,EDT,Wind,576.0
04/29/2017 10:45:00,EDT,Hydro,3848.0
04/29/2017 10:50:00,EDT,Dual Fuel,2492.0
04/29/2017 10:50:00,EDT,Natural Gas,2772.0
04/29/2017 10:50:00,EDT,Nuclear,3784.0
04/29/2017 10:50:00,EDT,Other Fossil Fuels,0.0
04/29/2017 10:50:00,EDT,Other Renewables,282.0
04/29/2017 10:50:00,EDT,Wind,605.0
04/29/2017 10:50:00,EDT,Hydro,3806.0
04/29/2017 10:55:00,EDT,Dual Fuel,2517.0
04/29/2017 10:55:00,EDT,Natural Gas,2780.0
04/29/2017 10:55:00,EDT,Nuclear,3783.0
04/29/2017 10:55:00,EDT,Other Fossil Fuels,0.0
04/29/2017 10:55:00,EDT,Other Renewables,285.0
04/29/2017 10:55:00,EDT,Wind,584.0
04/29/2017 10:55:00,EDT,Hydro,3846.0
04/29/2017 11:00:00,EDT,Dual Fuel,2535.0
04/29/2017 11:00:00,EDT,Natural Gas,2784.0
04/29/2017 11:00:00,EDT,Nuclear,3784.0
04/29/2017 11:00:00,EDT,Other Fossil Fuels,0.0
04/29/2017 11:00:00,EDT,Other Renewables,289.0
04/29/2017 11:00:00,EDT,Wind,586.0
04/29/2017 11:00:00,EDT,Hydro,3859.0
04/29/2017 11:05:00,EDT,Dual Fuel,2557.0
04/29/2017 11:05:00,EDT,Natural Gas,2804.0
04/29/2017 11:05:00,EDT,Nuclear,3784.0
04/29/2017 11:05:00,EDT,Other Fossil Fuels,0.0
04/29/2017 11:05:00,EDT,Other Renewables,292.0
04/29/2017 11:05:00,EDT,Wind,593.0
04/29/2017 11:05:00,EDT,Hydro,3863.0
04/29/2017 11:10:00,EDT,Dual Fuel,2595.0
04/29/2017 11:10:00,EDT,Natural Gas,2812.0
04/29/2017 11:10:00,EDT,Nuclear,3783.0
04/29/2017 11:10:00,EDT,Other Fossil Fuels,0.0
04/29/2017 11:10:00,EDT,Other Renewables,286.0
04/29/2017 11:10:00,EDT,Wind,620.0
04/29/2017 11:10:00,EDT,Hydro,3847.0
04/29/2017 11:15:00,EDT,Dual Fuel,2617.0
04/29/2017 11:15:00,EDT,Natural Gas,2823.0
04/29/2017 11:15:00,EDT,Nuclear,3784.0
04/29/2017 11:15:00,EDT,Other Fossil Fuels,0.0
04/29/2017 11:15:00,EDT,Other Renewables,288.0
04/29/2017 11:15:00,EDT,Wind,632.0
04/29/2017 11:15:00,EDT,Hydro,3920.0
04/29/2017 11:20:00,EDT,Dual Fuel,2616.0
04/29/2017 11:20:00,EDT,Natural Gas,2836.0
04/29/2017 11:20:00,EDT,Nuclear,3787.0
04/29/2017 11:20:00,EDT,Other Fossil Fuels,0.0
04/29/2017 11:20:00,EDT,Other Renewables,283.0
04/29/2017 11:20:00,EDT,Wind,660.0
04/29/2017 11:20:00,EDT,Hydro,3916.0
04/29/2017 11:25:00,EDT,Dual Fuel,2627.0
04/29/2017 11:25:00,EDT,Natural Gas,2817.0
04/29/2017 11:25:00,EDT,Nuclear,3783.0
04/29/2017 11:25:00,EDT,Other Fossil Fuels,0.0
04/29/2017 11:25:00,EDT,Other Renewables,284.0
04/29/2017 11:25:00,EDT,Wind,670.0
04/29/2017 11:25:00,EDT,Hydro,3901.0
04/29/2017 11:30:00,EDT,Dual Fuel,2610.0
04/29/2017 11:30:00,EDT,Natural Gas,2845.0
04/29/2017 11:30:00,EDT,Nuclear,3785.0
04/29/2017 11:30:00,EDT,Other Fossil Fuels,0.0
04/29/2017 11:30:00,EDT,Other Renewables,285.0
04/29/2017 11:30:00,EDT,Wind,685.0
04/29/2017 11:30:00,EDT,Hydro,3916.0
04/29/2017 11:35:00,EDT,Dual Fuel,2619.0
04/29/2017 11:35:00,EDT,Natural Gas,2849.0
04/29/2017 11:35:00,EDT,Nuclear,3783.0
04/29/2017 11:35:00,EDT,Other Fossil Fuels,0.0
04/29/2017 11:35:00,EDT,Other Renewables,282.0
04/29/2017 11:35:00,EDT,Wind,704.0
04/29/2017 11:35:00,EDT,Hydro,3918.0
04/29/2017 11:40:00,EDT,Dual Fuel,2638.0
04/29/2017 11:40:00,EDT,Natural Gas,2854.0
04/29/2017 11:40:00,EDT,Nuclear,3783.0
04/29/2017 11:40:00,EDT,Other Fossil Fuels,0.0
04/29/2017 11:40:00,EDT,Other Renewables,277.0
04/29/2017 11:40:00,EDT,Wind,704.0
04/29/2017 11:40:00,EDT,Hydro,3877.0
04/29/2017 11:45:00,EDT,Dual Fuel,2649.0
04/29/2017 11:45:00,EDT,Natural Gas,2843.0
04/29/2017 11:45:00,EDT,Nuclear,3785.0
04/29/2017 11:45:00,EDT,Other Fossil Fuels,0.0
04/29/2017 11:45:00,EDT,Other Renewables,279.0
04/29/2017 11:45:00,EDT,Wind,739.0
04/29/2017 11:45:00,EDT,Hydro,3850.0
04/29/2017 11:50:00,EDT,Dual Fuel,2670.0
04/29/2017 11:50:00,EDT,Natural Gas,2814.0
04/29/2017 11:50:00,EDT,Nuclear,3783.0
04/29/2017 11:50:00,EDT,Other Fossil Fuels,0.0
04/29/2017 11:50:00,EDT,Other Renewables,278.0
04/29/2017 11:50:00,EDT,Wind,759.0
04/29/2017 11:50:00,EDT,Hydro,3781.0
04/29/2017 11:55:00,EDT,Dual Fuel,2687.0
04/29/2017 11:55:00,EDT,Natural Gas,2779.0
04/29/2017 11:55:00,EDT,Nuclear,3785.0
04/29/2017 11:55:00,EDT,Other Fossil Fuels,14.0
04/29/2017 11:55:00,EDT,Other Renewables,279.0
04/29/2017 11:55:00,EDT,Wind,773.0
04/29/2017 11:55:00,EDT,Hydro,3779.0
04/29/2017 12:00:00,EDT,Dual Fuel,2704.0
04/29/2017 12:00:00,EDT,Natural Gas,2761.0
04/29/2017 12:00:00,EDT,Nuclear,3783.0
04/29/2017 12:00:00,EDT,Other Fossil Fuels,48.0
04/29/2017 12:00:00,EDT,Other Renewables,285.0
04/29/2017 12:00:00,EDT,Wind,780.0
04/29/2017 12:00:00,EDT,Hydro,3788.0
04/29/2017 12:05:00,EDT,Dual Fuel,2722.0
04/29/2017 12:05:00,EDT,Natural Gas,2741.0
04/29/2017 12:05:00,EDT,Nuclear,3784.0
04/29/2017 12:05:00,EDT,Other Fossil Fuels,72.0
04/29/2017 12:05:00,EDT,Other Renewables,283.0
04/29/2017 12:05:00,EDT,Wind,808.0
04/29/2017 12:05:00,EDT,Hydro,3744.0
04/29/2017 12:10:00,EDT,Dual Fuel,2743.0
04/29/2017 12:10:00,EDT,Natural Gas,2724.0
04/29/2017 12:10:00,EDT,Nuclear,3783.0
04/29/2017 12:10:00,EDT,Other Fossil Fuels,75.0
04/29/2017 12:10:00,EDT,Other Renewables,286.0
04/29/2017 12:10:00,EDT,Wind,825.0
04/29/2017 12:10:00,EDT,Hydro,3766.0
04/29/2017 12:15:00,EDT,Dual Fuel,2749.0
04/29/2017 12:15:00,EDT,Natural Gas,2730.0
04/29/2017 12:15:00,EDT,Nuclear,3782.0
04/29/2017 12:15:00,EDT,Other Fossil Fuels,74.0
04/29/2017 12:15:00,EDT,Other Renewables,279.0
04/29/2017 12:15:00,EDT,Wind,824.0
04/29/2017 12:15:00,EDT,Hydro,3731.0
04/29/2017 12:20:00,EDT,Dual Fuel,2750.0
04/29/2017 12:20:00,EDT,Natural Gas,2727.0
04/29/2017 12:20:00,EDT,Nuclear,3782.0
04/29/2017 12:20:00,EDT,Other Fossil Fuels,74.0
04/29/2017 12:20:00,EDT,Other Renewables,276.0
04/29/2017 12:20:00,EDT,Wind,805.0
04/29/2017 12:20:00,EDT,Hydro,3758.0
04/29/2017 12:25:00,EDT,Dual Fuel,2755.0
04/29/2017 12:25:00,EDT,Natural Gas,2725.0
04/29/2017 12:25:00,EDT,Nuclear,3783.0
04/29/2017 12:25:00,EDT,Other Fossil Fuels,74.0
04/29/2017 12:25:00,EDT,Other Renewables,271.0
04/29/2017 12:25:00,EDT,Wind,788.0
04/29/2017 12:25:00,EDT,Hydro,3760.0
04/29/2017 12:30:00,EDT,Dual Fuel,2763.0
04/29/2017 12:30:00,EDT,Natural Gas,2732.0
04/29/2017 12:30:00,EDT,Nuclear,3781.0
04/29/2017 12:30:00,EDT,Other Fossil Fuels,74.0
04/29/2017 12:30:00,EDT,Other Renewables,272.0
04/29/2017 12:30:00,EDT,Wind,786.0
04/29/2017 12:30:00,EDT,Hydro,3749.0
04/29/2017 12:35:00,EDT,Dual Fuel,2787.0
04/29/2017 12:35:00,EDT,Natural Gas,2752.0
04/29/2017 12:35:00,EDT,Nuclear,3783.0
04/29/2017 12:35:00,EDT,Other Fossil Fuels,74.0
04/29/2017 12:35:00,EDT,Other Renewables,275.0
04/29/2017 12:35:00,EDT,Wind,793.0
04/29/2017 12:35:00,EDT,Hydro,3749.0
04/29/2017 12:40:00,EDT,Dual Fuel,2797.0
04/29/2017 12:40:00,EDT,Natural Gas,2762.0
04/29/2017 12:40:00,EDT,Nuclear,3783.0
04/29/2017 12:40:00,EDT,Other Fossil Fuels,74.0
04/29/2017 12:40:00,EDT,Other Renewables,282.0
04/29/2017 12:40:00,EDT,Wind,812.0
04/29/2017 12:40:00,EDT,Hydro,3747.0
04/29/2017 12:45:00,EDT,Dual Fuel,2806.0
04/29/2017 12:45:00,EDT,Natural Gas,2757.0
04/29/2017 12:45:00,EDT,Nuclear,3782.0
04/29/2017 12:45:00,EDT,Other Fossil Fuels,74.0
04/29/2017 12:45:00,EDT,Other Renewables,285.0
04/29/2017 12:45:00,EDT,Wind,828.0
04/29/2017 12:45:00,EDT,Hydro,3717.0
04/29/2017 12:50:00,EDT,Dual Fuel,2808.0
04/29/2017 12:50:00,EDT,Natural Gas,2740.0
04/29/2017 12:50:00,EDT,Nuclear,3783.0
04/29/2017 12:50:00,EDT,Other Fossil Fuels,74.0
04/29/2017 12:50:00,EDT,Other Renewables,285.0
04/29/2017 12:50:00,EDT,Wind,832.0
04/29/2017 12:50:00,EDT,Hydro,3698.0
04/29/2017 12:55:00,EDT,Dual Fuel,2810.0
04/29/2017 12:55:00,EDT,Natural Gas,2744.0
04/29/2017 12:55:00,EDT,Nuclear,3782.0
04/29/2017 12:55:00,EDT,Other Fossil Fuels,74.0
04/29/2017 12:55:00,EDT,Other Renewables,275.0
04/29/2017 12:55:00,EDT,Wind,838.0
04/29/2017 12:55:00,EDT,Hydro,3679.0
04/29/2017 13:00:00,EDT,Dual Fuel,2802.0
04/29/2017 13:00:00,EDT,Natural Gas,2808.0
04/29/2017 13:00:00,EDT,Nuclear,3781.0
04/29/2017 13:00:00,EDT,Other Fossil Fuels,74.0
04/29/2017 13:00:00,EDT,Other Renewables,279.0
04/29/2017 13:00:00,EDT,Wind,836.0
04/29/2017 13:00:00,EDT,Hydro,3694.0
04/29/2017 13:05:00,EDT,Dual Fuel,2760.0
04/29/2017 13:05:00,EDT,Natural Gas,2854.0
04/29/2017 13:05:00,EDT,Nuclear,3783.0
04/29/2017 13:05:00,EDT,Other Fossil Fuels,74.0
04/29/2017 13:05:00,EDT,Other Renewables,291.0
04/29/2017 13:05:00,EDT,Wind,867.0
04/29/2017 13:05:00,EDT,Hydro,3749.0
04/29/2017 13:10:00,EDT,Dual Fuel,2666.0
04/29/2017 13:10:00,EDT,Natural Gas,2853.0
04/29/2017 13:10:00,EDT,Nuclear,3783.0
04/29/2017 13:10:00,EDT,Other Fossil Fuels,73.0
04/29/2017 13:10:00,EDT,Other Renewables,288.0
04/29/2017 13:10:00,EDT,Wind,891.0
04/29/2017 13:10:00,EDT,Hydro,3735.0
04/29/2017 13:15:00,EDT,Dual Fuel,2721.0
04/29/2017 13:15:00,EDT,Natural Gas,2767.0
04/29/2017 13:15:00,EDT,Nuclear,3783.0
04/29/2017 13:15:00,EDT,Other Fossil Fuels,74.0
04/29/2017 13:15:00,EDT,Other Renewables,294.0
04/29/2017 13:15:00,EDT,Wind,916.0
04/29/2017 13:15:00,EDT,Hydro,3698.0
04/29/2017 13:20:00,EDT,Dual Fuel,2734.0
04/29/2017 13:20:00,EDT,Natural Gas,2719.0
04/29/2017 13:20:00,EDT,Nuclear,3782.0
04/29/2017 13:20:00,EDT,Other Fossil Fuels,73.0
04/29/2017 13:20:00,EDT,Other Renewables,290.0
04/29/2017 13:20:00,EDT,Wind,922.0
04/29/2017 13:20:00,EDT,Hydro,3669.0
04/29/2017 13:25:00,EDT,Dual Fuel,2737.0
04/29/2017 13:25:00,EDT,Natural Gas,2721.0
04/29/2017 13:25:00,EDT,Nuclear,3783.0
04/29/2017 13:25:00,EDT,Other Fossil Fuels,73.0
04/29/2017 13:25:00,EDT,Other Renewables,288.0
04/29/2017 13:25:00,EDT,Wind,925.0
04/29/2017 13:25:00,EDT,Hydro,3660.0
04/29/2017 13:30:00,EDT,Dual Fuel,2728.0
04/29/2017 13:30:00,EDT,Natural Gas,2762.0
04/29/2017 13:30:00,EDT,Nuclear,3785.0
04/29/2017 13:30:00,EDT,Other Fossil Fuels,73.0
04/29/2017 13:30:00,EDT,Other Renewables,290.0
04/29/2017 13:30:00,EDT,Wind,917.0
04/29/2017 13:30:00,EDT,Hydro,3705.0
04/29/2017 13:35:00,EDT,Dual Fuel,2713.0
04/29/2017 13:35:00,EDT,Natural Gas,2813.0
04/29/2017 13:35:00,EDT,Nuclear,3783.0
04/29/2017 13:35:00,EDT,Other Fossil Fuels,73.0
04/29/2017 13:35:00,EDT,Other Renewables,290.0
04/29/2017 13:35:00,EDT,Wind,922.0
04/29/2017 13:35:00,EDT,Hydro,3748.0
04/29/2017 13:40:00,EDT,Dual Fuel,2734.0
04/29/2017 13:40:00,EDT,Natural Gas,2848.0
04/29/2017 13:40:00,EDT,Nuclear,3781.0
04/29/2017 13:40:00,EDT,Other Fossil Fuels,73.0
04/29/2017 13:40:00,EDT,Other Renewables,290.0
04/29/2017 13:40:00,EDT,Wind,911.0
04/29/2017 13:40:00,EDT,Hydro,3791.0
04/29/2017 13:45:00,EDT,Dual Fuel,2742.0
04/29/2017 13:45:00,EDT,Natural Gas,2862.0
04/29/2017 13:45:00,EDT,Nuclear,3781.0
04/29/2017 13:45:00,EDT,Other Fossil Fuels,73.0
04/29/2017 13:45:00,EDT,Other Renewables,291.0
04/29/2017 13:45:00,EDT,Wind,906.0
04/29/2017 13:45:00,EDT,Hydro,3839.0
04/29/2017 13:50:00,EDT,Dual Fuel,2736.0
04/29/2017 13:50:00,EDT,Natural Gas,2861.0
04/29/2017 13:50:00,EDT,Nuclear,3785.0
04/29/2017 13:50:00,EDT,Other Fossil Fuels,73.0
04/29/2017 13:50:00,EDT,Other Renewables,289.0
04/29/2017 13:50:00,EDT,Wind,897.0
04/29/2017 13:50:00,EDT,Hydro,3815.0
04/29/2017 13:55:00,EDT,Dual Fuel,2750.0
04/29/2017 13:55:00,EDT,Natural Gas,2861.0
04/29/2017 13:55:00,EDT,Nuclear,3783.0
04/29/2017 13:55:00,EDT,Other Fossil Fuels,73.0
04/29/2017 13:55:00,EDT,Other Renewables,289.0
04/29/2017 13:55:00,EDT,Wind,871.0
04/29/2017 13:55:00,EDT,Hydro,3802.0
04/29/2017 14:00:00,EDT,Dual Fuel,2754.0
04/29/2017 14:00:00,EDT,Natural Gas,2867.0
04/29/2017 14:00:00,EDT,Nuclear,3784.0
04/29/2017 14:00:00,EDT,Other Fossil Fuels,73.0
04/29/2017 14:00:00,EDT,Other Renewables,290.0
04/29/2017 14:00:00,EDT,Wind,861.0
04/29/2017 14:00:00,EDT,Hydro,3832.0
04/29/2017 14:05:00,EDT,Dual Fuel,2747.0
04/29/2017 14:05:00,EDT,Natural Gas,2911.0
04/29/2017 14:05:00,EDT,Nuclear,3785.0
04/29/2017 14:05:00,EDT,Other Fossil Fuels,73.0
04/29/2017 14:05:00,EDT,Other Renewables,293.0
04/29/2017 14:05:00,EDT,Wind,856.0
04/29/2017 14:05:00,EDT,Hydro,3878.0
04/29/2017 14:10:00,EDT,Dual Fuel,2710.0
04/29/2017 14:10:00,EDT,Natural Gas,2928.0
04/29/2017 14:10:00,EDT,Nuclear,3784.0
04/29/2017 14:10:00,EDT,Other Fossil Fuels,94.0
04/29/2017 14:10:00,EDT,Other Renewables,292.0
04/29/2017 14:10:00,EDT,Wind,856.0
04/29/2017 14:10:00,EDT,Hydro,3886.0
04/29/2017 14:15:00,EDT,Dual Fuel,2763.0
04/29/2017 14:15:00,EDT,Natural Gas,2938.0
04/29/2017 14:15:00,EDT,Nuclear,3783.0
04/29/2017 14:15:00,EDT,Other Fossil Fuels,114.0
04/29/2017 14:15:00,EDT,Other Renewables,285.0
04/29/2017 14:15:00,EDT,Wind,867.0
04/29/2017 14:15:00,EDT,Hydro,3811.0
04/29/2017 14:20:00,EDT,Dual Fuel,2818.0
04/29/2017 14:20:00,EDT,Natural Gas,2938.0
04/29/2017 14:20:00,EDT,Nuclear,3783.0
04/29/2017 14:20:00,EDT,Other Fossil Fuels,115.0
04/29/2017 14:20:00,EDT,Other Renewables,289.0
04/29/2017 14:20:00,EDT,Wind,886.0
04/29/2017 14:20:00,EDT,Hydro,3769.0
04/29/2017 14:25:00,EDT,Dual Fuel,2863.0
04/29/2017 14:25:00,EDT,Natural Gas,2915.0
04/29/2017 14:25:00,EDT,Nuclear,3782.0
04/29/2017 14:25:00,EDT,Other Fossil Fuels,115.0
04/29/2017 14:25:00,EDT,Other Renewables,288.0
04/29/2017 14:25:00,EDT,Wind,858.0
04/29/2017 14:25:00,EDT,Hydro,3870.0
04/29/2017 14:30:00,EDT,Dual Fuel,2855.0
04/29/2017 14:30:00,EDT,Natural Gas,2908.0
04/29/2017 14:30:00,EDT,Nuclear,3781.0
04/29/2017 14:30:00,EDT,Other Fossil Fuels,115.0
04/29/2017 14:30:00,EDT,Other Renewables,291.0
04/29/2017 14:30:00,EDT,Wind,835.0
04/29/2017 14:30:00,EDT,Hydro,3882.0
04/29/2017 14:35:00,EDT,Dual Fuel,2894.0
04/29/2017 14:35:00,EDT,Natural Gas,2919.0
04/29/2017 14:35:00,EDT,Nuclear,3783.0
04/29/2017 14:35:00,EDT,Other Fossil Fuels,115.0
04/29/2017 14:35:00,EDT,Other Renewables,289.0
04/29/2017 14:35:00,EDT,Wind,835.0
04/29/2017 14:35:00,EDT,Hydro,3948.0
04/29/2017 14:40:00,EDT,Dual Fuel,2921.0
04/29/2017 14:40:00,EDT,Natural Gas,2942.0
04/29/2017 14:40:00,EDT,Nuclear,3782.0
04/29/2017 14:40:00,EDT,Other Fossil Fuels,114.0
04/29/2017 14:40:00,EDT,Other Renewables,288.0
04/29/2017 14:40:00,EDT,Wind,842.0
04/29/2017 14:40:00,EDT,Hydro,3923.0
04/29/2017 14:45:00,EDT,Dual Fuel,2962.0
04/29/2017 14:45:00,EDT,Natural Gas,2949.0
04/29/2017 14:45:00,EDT,Nuclear,3783.0
04/29/2017 14:45:00,EDT,Other Fossil Fuels,114.0
04/29/2017 14:45:00,EDT,Other Renewables,287.0
04/29/2017 14:45:00,EDT,Wind,870.0
04/29/2017 14:45:00,EDT,Hydro,3895.0
04/29/2017 14:50:00,EDT,Dual Fuel,3019.0
04/29/2017 14:50:00,EDT,Natural Gas,2946.0
04/29/2017 14:50:00,EDT,Nuclear,3784.0
04/29/2017 14:50:00,EDT,Other Fossil Fuels,114.0
04/29/2017 14:50:00,EDT,Other Renewables,286.0
04/29/2017 14:50:00,EDT,Wind,900.0
04/29/2017 14:50:00,EDT,Hydro,3828.0
04/29/2017 14:55:00,EDT,Dual Fuel,3065.0
04/29/2017 14:55:00,EDT,Natural Gas,2968.0
04/29/2017 14:55:00,EDT,Nuclear,3783.0
04/29/2017 14:55:00,EDT,Other Fossil Fuels,114.0
04/29/2017 14:55:00,EDT,Other Renewables,287.0
04/29/2017 14:55:00,EDT,Wind,923.0
04/29/2017 14:55:00,EDT,Hydro,3714.0
04/29/2017 15:00:00,EDT,Dual Fuel,3091.0
04/29/2017 15:00:00,EDT,Natural Gas,2984.0
04/29/2017 15:00:00,EDT,Nuclear,3785.0
04/29/2017 15:00:00,EDT,Other Fossil Fuels,114.0
04/29/2017 15:00:00,EDT,Other Renewables,287.0
04/29/2017 15:00:00,EDT,Wind,904.0
04/29/2017 15:00:00,EDT,Hydro,3618.0
04/29/2017 15:05:00,EDT,Dual Fuel,3110.0
04/29/2017 15:05:00,EDT,Natural Gas,2981.0
04/29/2017 15:05:00,EDT,Nuclear,3783.0
04/29/2017 15:05:00,EDT,Other Fossil Fuels,114.0
04/29/2017 15:05:00,EDT,Other Renewables,286.0
04/29/2017 15:05:00,EDT,Wind,903.0
04/29/2017 15:05:00,EDT,Hydro,3596.0
04/29/2017 15:10:00,EDT,Dual Fuel,3078.0
04/29/2017 15:10:00,EDT,Natural Gas,2967.0
04/29/2017 15:10:00,EDT,Nuclear,3783.0
04/29/2017 15:10:00,EDT,Other Fossil Fuels,114.0
04/29/2017 15:10:00,EDT,Other Renewables,286.0
04/29/2017 15:10:00,EDT,Wind,927.0
04/29/2017 15:10:00,EDT,Hydro,3666.0
04/29/2017 15:15:00,EDT,Dual Fuel,3041.0
04/29/2017 15:15:00,EDT,Natural Gas,2962.0
04/29/2017 15:15:00,EDT,Nuclear,3783.0
04/29/2017 15:15:00,EDT,Other Fossil Fuels,114.0
04/29/2017 15:15:00,EDT,Other Renewables,287.0
04/29/2017 15:15:00,EDT,Wind,926.0
04/29/2017 15:15:00,EDT,Hydro,3714.0
04/29/2017 15:20:00,EDT,Dual Fuel,3062.0
04/29/2017 15:20:00,EDT,Natural Gas,2972.0
04/29/2017 15:20:00,EDT,Nuclear,3783.0
04/29/2017 15:20:00,EDT,Other Fossil Fuels,114.0
04/29/2017 15:20:00,EDT,Other Renewables,280.0
04/29/2017 15:20:00,EDT,Wind,937.0
04/29/2017 15:20:00,EDT,Hydro,3679.0
04/29/2017 15:25:00,EDT,Dual Fuel,3102.0
04/29/2017 15:25:00,EDT,Natural Gas,2986.0
04/29/2017 15:25:00,EDT,Nuclear,3785.0
04/29/2017 15:25:00,EDT,Other Fossil Fuels,114.0
04/29/2017 15:25:00,EDT,Other Renewables,274.0
04/29/2017 15:25:00,EDT,Wind,931.0
04/29/2017 15:25:00,EDT,Hydro,3672.0
04/29/2017 15:30:00,EDT,Dual Fuel,3135.0
04/29/2017 15:30:00,EDT,Natural Gas,3002.0
04/29/2017 15:30:00,EDT,Nuclear,3783.0
04/29/2017 15:30:00,EDT,Other Fossil Fuels,114.0
04/29/2017 15:30:00,EDT,Other Renewables,274.0
04/29/2017 15:30:00,EDT,Wind,931.0
04/29/2017 15:30:00,EDT,Hydro,3740.0
04/29/2017 15:35:00,EDT,Dual Fuel,3151.0
04/29/2017 15:35:00,EDT,Natural Gas,3002.0
04/29/2017 15:35:00,EDT,Nuclear,3785.0
04/29/2017 15:35:00,EDT,Other Fossil Fuels,114.0
04/29/2017 15:35:00,EDT,Other Renewables,281.0
04/29/2017 15:35:00,EDT,Wind,934.0
04/29/2017 15:35:00,EDT,Hydro,3751.0
04/29/2017 15:40:00,EDT,Dual Fuel,3202.0
04/29/2017 15:40:00,EDT,Natural Gas,2997.0
04/29/2017 15:40:00,EDT,Nuclear,3783.0
04/29/2017 15:40:00,EDT,Other Fossil Fuels,114.0
04/29/2017 15:40:00,EDT,Other Renewables,282.0
04/29/2017 15:40:00,EDT,Wind,934.0
04/29/2017 15:40:00,EDT,Hydro,3772.0
04/29/2017 15:45:00,EDT,Dual Fuel,3253.0
04/29/2017 15:45:00,EDT,Natural Gas,3012.0
04/29/2017 15:45:00,EDT,Nuclear,3785.0
04/29/2017 15:45:00,EDT,Other Fossil Fuels,114.0
04/29/2017 15:45:00,EDT,Other Renewables,278.0
04/29/2017 15:45:00,EDT,Wind,943.0
04/29/2017 15:45:00,EDT,Hydro,3699.0
04/29/2017 15:50:00,EDT,Dual Fuel,3226.0
04/29/2017 15:50:00,EDT,Natural Gas,3005.0
04/29/2017 15:50:00,EDT,Nuclear,3783.0
04/29/2017 15:50:00,EDT,Other Fossil Fuels,113.0
04/29/2017 15:50:00,EDT,Other Renewables,278.0
04/29/2017 15:50:00,EDT,Wind,954.0
04/29/2017 15:50:00,EDT,Hydro,3647.0
04/29/2017 15:55:00,EDT,Dual Fuel,3221.0
04/29/2017 15:55:00,EDT,Natural Gas,2977.0
04/29/2017 15:55:00,EDT,Nuclear,3784.0
04/29/2017 15:55:00,EDT,Other Fossil Fuels,113.0
04/29/2017 15:55:00,EDT,Other Renewables,280.0
04/29/2017 15:55:00,EDT,Wind,958.0
04/29/2017 15:55:00,EDT,Hydro,3668.0
04/29/2017 16:00:00,EDT,Dual Fuel,3228.0
04/29/2017 16:00:00,EDT,Natural Gas,2978.0
04/29/2017 16:00:00,EDT,Nuclear,3783.0
04/29/2017 16:00:00,EDT,Other Fossil Fuels,113.0
04/29/2017 16:00:00,EDT,Other Renewables,281.0
04/29/2017 16:00:00,EDT,Wind,949.0
04/29/2017 16:00:00,EDT,Hydro,3660.0
04/29/2017 16:05:00,EDT,Dual Fuel,3212.0
04/29/2017 16:05:00,EDT,Natural Gas,2996.0
04/29/2017 16:05:00,EDT,Nuclear,3782.0
04/29/2017 16:05:00,EDT,Other Fossil Fuels,113.0
04/29/2017 16:05:00,EDT,Other Renewables,281.0
04/29/2017 16:05:00,EDT,Wind,927.0
04/29/2017 16:05:00,EDT,Hydro,3730.0
04/29/2017 16:10:00,EDT,Dual Fuel,3208.0
04/29/2017 16:10:00,EDT,Natural Gas,3010.0
04/29/2017 16:10:00,EDT,Nuclear,3783.0
04/29/2017 16:10:00,EDT,Other Fossil Fuels,113.0
04/29/2017 16:10:00,EDT,Other Renewables,280.0
04/29/2017 16:10:00,EDT,Wind,910.0
04/29/2017 16:10:00,EDT,Hydro,3793.0
04/29/2017 16:15:00,EDT,Dual Fuel,3209.0
04/29/2017 16:15:00,EDT,Natural Gas,3024.0
04/29/2017 16:15:00,EDT,Nuclear,3782.0
04/29/2017 16:15:00,EDT,Other Fossil Fuels,113.0
04/29/2017 16:15:00,EDT,Other Renewables,278.0
04/29/2017 16:15:00,EDT,Wind,902.0
04/29/2017 16:15:00,EDT,Hydro,3818.0
04/29/2017 16:20:00,EDT,Dual Fuel,3215.0
04/29/2017 16:20:00,EDT,Natural Gas,3073.0
04/29/2017 16:20:00,EDT,Nuclear,3784.0
04/29/2017 16:20:00,EDT,Other Fossil Fuels,113.0
04/29/2017 16:20:00,EDT,Other Renewables,279.0
04/29/2017 16:20:00,EDT,Wind,903.0
04/29/2017 16:20:00,EDT,Hydro,3809.0
04/29/2017 16:25:00,EDT,Dual Fuel,3215.0
04/29/2017 16:25:00,EDT,Natural Gas,3099.0
04/29/2017 16:25:00,EDT,Nuclear,3781.0
04/29/2017 16:25:00,EDT,Other Fossil Fuels,113.0
04/29/2017 16:25:00,EDT,Other Renewables,279.0
04/29/2017 16:25:00,EDT,Wind,901.0
04/29/2017 16:25:00,EDT,Hydro,3801.0
04/29/2017 16:30:00,EDT,Dual Fuel,3203.0
04/29/2017 16:30:00,EDT,Natural Gas,3139.0
04/29/2017 16:30:00,EDT,Nuclear,3783.0
04/29/2017 16:30:00,EDT,Other Fossil Fuels,114.0
04/29/2017 16:30:00,EDT,Other Renewables,277.0
04/29/2017 16:30:00,EDT,Wind,913.0
04/29/2017 16:30:00,EDT,Hydro,3765.0
04/29/2017 16:35:00,EDT,Dual Fuel,3187.0
04/29/2017 16:35:00,EDT,Natural Gas,3214.0
04/29/2017 16:35:00,EDT,Nuclear,3782.0
04/29/2017 16:35:00,EDT,Other Fossil Fuels,113.0
04/29/2017 16:35:00,EDT,Other Renewables,276.0
04/29/2017 16:35:00,EDT,Wind,911.0
04/29/2017 16:35:00,EDT,Hydro,3815.0
04/29/2017 16:40:00,EDT,Dual Fuel,3196.0
04/29/2017 16:40:00,EDT,Natural Gas,3244.0
04/29/2017 16:40:00,EDT,Nuclear,3784.0
04/29/2017 16:40:00,EDT,Other Fossil Fuels,113.0
04/29/2017 16:40:00,EDT,Other Renewables,273.0
04/29/2017 16:40:00,EDT,Wind,893.0
04/29/2017 16:40:00,EDT,Hydro,3835.0
04/29/2017 16:45:00,EDT,Dual Fuel,3203.0
04/29/2017 16:45:00,EDT,Natural Gas,3249.0
04/29/2017 16:45:00,EDT,Nuclear,3784.0
04/29/2017 16:45:00,EDT,Other Fossil Fuels,113.0
04/29/2017 16:45:00,EDT,Other Renewables,273.0
04/29/2017 16:45:00,EDT,Wind,893.0
04/29/2017 16:45:00,EDT,Hydro,3813.0
04/29/2017 16:50:00,EDT,Dual Fuel,3175.0
04/29/2017 16:50:00,EDT,Natural Gas,3262.0
04/29/2017 16:50:00,EDT,Nuclear,3783.0
04/29/2017 16:50:00,EDT,Other Fossil Fuels,113.0
04/29/2017 16:50:00,EDT,Other Renewables,270.0
04/29/2017 16:50:00,EDT,Wind,894.0
04/29/2017 16:50:00,EDT,Hydro,3744.0
04/29/2017 16:55:00,EDT,Dual Fuel,3162.0
04/29/2017 16:55:00,EDT,Natural Gas,3279.0
04/29/2017 16:55:00,EDT,Nuclear,3784.0
04/29/2017 16:55:00,EDT,Other Fossil Fuels,126.0
04/29/2017 16:55:00,EDT,Other Renewables,269.0
04/29/2017 16:55:00,EDT,Wind,888.0
04/29/2017 16:55:00,EDT,Hydro,3791.0
04/29/2017 17:00:00,EDT,Dual Fuel,3109.0
04/29/2017 17:00:00,EDT,Natural Gas,3269.0
04/29/2017 17:00:00,EDT,Nuclear,3781.0
04/29/2017 17:00:00,EDT,Other Fossil Fuels,140.0
04/29/2017 17:00:00,EDT,Other Renewables,268.0
04/29/2017 17:00:00,EDT,Wind,882.0
04/29/2017 17:00:00,EDT,Hydro,3834.0
04/29/2017 17:05:00,EDT,Dual Fuel,3092.0
04/29/2017 17:05:00,EDT,Natural Gas,3272.0
04/29/2017 17:05:00,EDT,Nuclear,3783.0
04/29/2017 17:05:00,EDT,Other Fossil Fuels,129.0
04/29/2017 17:05:00,EDT,Other Renewables,270.0
04/29/2017 17:05:00,EDT,Wind,880.0
04/29/2017 17:05:00,EDT,Hydro,3726.0
04/29/2017 17:10:00,EDT,Dual Fuel,3067.0
04/29/2017 17:10:00,EDT,Natural Gas,3257.0
04/29/2017 17:10:00,EDT,Nuclear,3780.0
04/29/2017 17:10:00,EDT,Other Fossil Fuels,113.0
04/29/2017 17:10:00,EDT,Other Renewables,270.0
04/29/2017 17:10:00,EDT,Wind,877.0
04/29/2017 17:10:00,EDT,Hydro,3709.0
04/29/2017 17:15:00,EDT,Dual Fuel,3061.0
04/29/2017 17:15:00,EDT,Natural Gas,3223.0
04/29/2017 17:15:00,EDT,Nuclear,3784.0
04/29/2017 17:15:00,EDT,Other Fossil Fuels,113.0
04/29/2017 17:15:00,EDT,Other Renewables,271.0
04/29/2017 17:15:00,EDT,Wind,871.0
04/29/2017 17:15:00,EDT,Hydro,3723.0
04/29/2017 17:18:04,EDT,Dual Fuel,2833.0
04/29/2017 17:18:04,EDT,Natural Gas,3148.0
04/29/2017 17:18:04,EDT,Nuclear,3781.0
04/29/2017 17:18:04,EDT,Other Fossil Fuels,113.0
04/29/2017 17:18:04,EDT,Other Renewables,272.0
04/29/2017 17:18:04,EDT,Wind,866.0
04/29/2017 17:18:04,EDT,Hydro,3721.0
04/29/2017 17:20:00,EDT,Dual Fuel,2763.0
04/29/2017 17:20:00,EDT,Natural Gas,3163.0
04/29/2017 17:20:00,EDT,Nuclear,3781.0
04/29/2017 17:20:00,EDT,Other Fossil Fuels,113.0
04/29/2017 17:20:00,EDT,Other Renewables,271.0
04/29/2017 17:20:00,EDT,Wind,864.0
04/29/2017 17:20:00,EDT,Hydro,3851.0
04/29/2017 17:20:22,EDT,Dual Fuel,2751.0
04/29/2017 17:20:22,EDT,Natural Gas,3181.0
04/29/2017 17:20:22,EDT,Nuclear,3783.0
04/29/2017 17:20:22,EDT,Other Fossil Fuels,113.0
04/29/2017 17:20:22,EDT,Other Renewables,269.0
04/29/2017 17:20:22,EDT,Wind,849.0
04/29/2017 17:20:22,EDT,Hydro,3943.0
04/29/2017 17:25:00,EDT,Dual Fuel,2800.0
04/29/2017 17:25:00,EDT,Natural Gas,3194.0
04/29/2017 17:25:00,EDT,Nuclear,3783.0
04/29/2017 17:25:00,EDT,Other Fossil Fuels,113.0
04/29/2017 17:25:00,EDT,Other Renewables,269.0
04/29/2017 17:25:00,EDT,Wind,848.0
04/29/2017 17:25:00,EDT,Hydro,3933.0
04/29/2017 17:30:00,EDT,Dual Fuel,2896.0
04/29/2017 17:30:00,EDT,Natural Gas,3217.0
04/29/2017 17:30:00,EDT,Nuclear,3781.0
04/29/2017 17:30:00,EDT,Other Fossil Fuels,113.0
04/29/2017 17:30:00,EDT,Other Renewables,273.0
04/29/2017 17:30:00,EDT,Wind,840.0
04/29/2017 17:30:00,EDT,Hydro,3826.0
04/29/2017 17:35:00,EDT,Dual Fuel,2936.0
04/29/2017 17:35:00,EDT,Natural Gas,3236.0
04/29/2017 17:35:00,EDT,Nuclear,3780.0
04/29/2017 17:35:00,EDT,Other Fossil Fuels,113.0
04/29/2017 17:35:00,EDT,Other Renewables,272.0
04/29/2017 17:35:00,EDT,Wind,852.0
04/29/2017 17:35:00,EDT,Hydro,3847.0
04/29/2017 17:40:00,EDT,Dual Fuel,2962.0
04/29/2017 17:40:00,EDT,Natural Gas,3260.0
04/29/2017 17:40:00,EDT,Nuclear,3781.0
04/29/2017 17:40:00,EDT,Other Fossil Fuels,89.0
04/29/2017 17:40:00,EDT,Other Renewables,271.0
04/29/2017 17:40:00,EDT,Wind,852.0
04/29/2017 17:40:00,EDT,Hydro,3879.0
04/29/2017 17:45:00,EDT,Dual Fuel,2964.0
04/29/2017 17:45:00,EDT,Natural Gas,3273.0
04/29/2017 17:45:00,EDT,Nuclear,3779.0
04/29/2017 17:45:00,EDT,Other Fossil Fuels,74.0
04/29/2017 17:45:00,EDT,Other Renewables,271.0
04/29/2017 17:45:00,EDT,Wind,860.0
04/29/2017 17:45:00,EDT,Hydro,3886.0
04/29/2017 17:50:00,EDT,Dual Fuel,2970.0
04/29/2017 17:50:00,EDT,Natural Gas,3239.0
04/29/2017 17:50:00,EDT,Nuclear,3781.0
04/29/2017 17:50:00,EDT,Other Fossil Fuels,74.0
04/29/2017 17:50:00,EDT,Other Renewables,270.0
04/29/2017 17:50:00,EDT,Wind,860.0
04/29/2017 17:50:00,EDT,Hydro,3792.0
04/29/2017 17:55:00,EDT,Dual Fuel,3000.0
04/29/2017 17:55:00,EDT,Natural Gas,3220.0
04/29/2017 17:55:00,EDT,Nuclear,3780.0
04/29/2017 17:55:00,EDT,Other Fossil Fuels,74.0
04/29/2017 17:55:00,EDT,Other Renewables,268.0
04/29/2017 17:55:00,EDT,Wind,856.0
04/29/2017 17:55:00,EDT,Hydro,3777.0
04/29/2017 18:00:00,EDT,Dual Fuel,3018.0
04/29/2017 18:00:00,EDT,Natural Gas,3249.0
04/29/2017 18:00:00,EDT,Nuclear,3781.0
04/29/2017 18:00:00,EDT,Other Fossil Fuels,74.0
04/29/2017 18:00:00,EDT,Other Renewables,266.0
04/29/2017 18:00:00,EDT,Wind,862.0
04/29/2017 18:00:00,EDT,Hydro,3710.0
04/29/2017 18:05:00,EDT,Dual Fuel,2975.0
04/29/2017 18:05:00,EDT,Natural Gas,3220.0
04/29/2017 18:05:00,EDT,Nuclear,3781.0
04/29/2017 18:05:00,EDT,Other Fossil Fuels,74.0
04/29/2017 18:05:00,EDT,Other Renewables,263.0
04/29/2017 18:05:00,EDT,Wind,825.0
04/29/2017 18:05:00,EDT,Hydro,3650.0
04/29/2017 18:10:00,EDT,Dual Fuel,2959.0
04/29/2017 18:10:00,EDT,Natural Gas,3182.0
04/29/2017 18:10:00,EDT,Nuclear,3782.0
04/29/2017 18:10:00,EDT,Other Fossil Fuels,74.0
04/29/2017 18:10:00,EDT,Other Renewables,261.0
04/29/2017 18:10:00,EDT,Wind,798.0
04/29/2017 18:10:00,EDT,Hydro,3576.0
04/29/2017 18:15:00,EDT,Dual Fuel,2959.0
04/29/2017 18:15:00,EDT,Natural Gas,3220.0
04/29/2017 18:15:00,EDT,Nuclear,3779.0
04/29/2017 18:15:00,EDT,Other Fossil Fuels,74.0
04/29/2017 18:15:00,EDT,Other Renewables,266.0
04/29/2017 18:15:00,EDT,Wind,800.0
04/29/2017 18:15:00,EDT,Hydro,3432.0
04/29/2017 18:20:00,EDT,Dual Fuel,2955.0
04/29/2017 18:20:00,EDT,Natural Gas,3280.0
04/29/2017 18:20:00,EDT,Nuclear,3783.0
04/29/2017 18:20:00,EDT,Other Fossil Fuels,75.0
04/29/2017 18:20:00,EDT,Other Renewables,264.0
04/29/2017 18:20:00,EDT,Wind,833.0
04/29/2017 18:20:00,EDT,Hydro,3437.0
04/29/2017 18:25:00,EDT,Dual Fuel,2905.0
04/29/2017 18:25:00,EDT,Natural Gas,3280.0
04/29/2017 18:25:00,EDT,Nuclear,3781.0
04/29/2017 18:25:00,EDT,Other Fossil Fuels,75.0
04/29/2017 18:25:00,EDT,Other Renewables,264.0
04/29/2017 18:25:00,EDT,Wind,839.0
04/29/2017 18:25:00,EDT,Hydro,3523.0
04/29/2017 18:30:00,EDT,Dual Fuel,2880.0
04/29/2017 18:30:00,EDT,Natural Gas,3265.0
04/29/2017 18:30:00,EDT,Nuclear,3781.0
04/29/2017 18:30:00,EDT,Other Fossil Fuels,75.0
04/29/2017 18:30:00,EDT,Other Renewables,265.0
04/29/2017 18:30:00,EDT,Wind,827.0
04/29/2017 18:30:00,EDT,Hydro,3561.0
04/29/2017 18:35:00,EDT,Dual Fuel,2829.0
04/29/2017 18:35:00,EDT,Natural Gas,3294.0
04/29/2017 18:35:00,EDT,Nuclear,3781.0
04/29/2017 18:35:00,EDT,Other Fossil Fuels,75.0
04/29/2017 18:35:00,EDT,Other Renewables,261.0
04/29/2017 18:35:00,EDT,Wind,814.0
04/29/2017 18:35:00,EDT,Hydro,3583.0
04/29/2017 18:40:00,EDT,Dual Fuel,2887.0
04/29/2017 18:40:00,EDT,Natural Gas,3315.0
04/29/2017 18:40:00,EDT,Nuclear,3779.0
04/29/2017 18:40:00,EDT,Other Fossil Fuels,85.0
04/29/2017 18:40:00,EDT,Other Renewables,263.0
04/29/2017 18:40:00,EDT,Wind,790.0
04/29/2017 18:40:00,EDT,Hydro,3642.0
04/29/2017 18:45:00,EDT,Dual Fuel,2918.0
04/29/2017 18:45:00,EDT,Natural Gas,3306.0
04/29/2017 18:45:00,EDT,Nuclear,3780.0
04/29/2017 18:45:00,EDT,Other Fossil Fuels,125.0
04/29/2017 18:45:00,EDT,Other Renewables,265.0
04/29/2017 18:45:00,EDT,Wind,764.0
04/29/2017 18:45:00,EDT,Hydro,3584.0
04/29/2017 18:50:00,EDT,Dual Fuel,2953.0
04/29/2017 18:50:00,EDT,Natural Gas,3290.0
04/29/2017 18:50:00,EDT,Nuclear,3782.0
04/29/2017 18:50:00,EDT,Other Fossil Fuels,128.0
04/29/2017 18:50:00,EDT,Other Renewables,266.0
04/29/2017 18:50:00,EDT,Wind,769.0
04/29/2017 18:50:00,EDT,Hydro,3560.0
04/29/2017 18:55:00,EDT,Dual Fuel,2933.0
04/29/2017 18:55:00,EDT,Natural Gas,3288.0
04/29/2017 18:55:00,EDT,Nuclear,3782.0
04/29/2017 18:55:00,EDT,Other Fossil Fuels,128.0
04/29/2017 18:55:00,EDT,Other Renewables,266.0
04/29/2017 18:55:00,EDT,Wind,755.0
04/29/2017 18:55:00,EDT,Hydro,3598.0
04/29/2017 19:00:00,EDT,Dual Fuel,2899.0
04/29/2017 19:00:00,EDT,Natural Gas,3245.0
04/29/2017 19:00:00,EDT,Nuclear,3781.0
04/29/2017 19:00:00,EDT,Other Fossil Fuels,129.0
04/29/2017 19:00:00,EDT,Other Renewables,266.0
04/29/2017 19:00:00,EDT,Wind,751.0
04/29/2017 19:00:00,EDT,Hydro,3639.0
04/29/2017 19:05:00,EDT,Dual Fuel,2800.0
04/29/2017 19:05:00,EDT,Natural Gas,3217.0
04/29/2017 19:05:00,EDT,Nuclear,3781.0
04/29/2017 19:05:00,EDT,Other Fossil Fuels,129.0
04/29/2017 19:05:00,EDT,Other Renewables,265.0
04/29/2017 19:05:00,EDT,Wind,733.0
04/29/2017 19:05:00,EDT,Hydro,3544.0
04/29/2017 19:10:00,EDT,Dual Fuel,2704.0
04/29/2017 19:10:00,EDT,Natural Gas,3210.0
04/29/2017 19:10:00,EDT,Nuclear,3780.0
04/29/2017 19:10:00,EDT,Other Fossil Fuels,129.0
04/29/2017 19:10:00,EDT,Other Renewables,262.0
04/29/2017 19:10:00,EDT,Wind,722.0
04/29/2017 19:10:00,EDT,Hydro,3516.0
04/29/2017 19:15:00,EDT,Dual Fuel,2710.0
04/29/2017 19:15:00,EDT,Natural Gas,3184.0
04/29/2017 19:15:00,EDT,Nuclear,3781.0
04/29/2017 19:15:00,EDT,Other Fossil Fuels,129.0
04/29/2017 19:15:00,EDT,Other Renewables,263.0
04/29/2017 19:15:00,EDT,Wind,734.0
04/29/2017 19:15:00,EDT,Hydro,3598.0
04/29/2017 19:20:00,EDT,Dual Fuel,2758.0
04/29/2017 19:20:00,EDT,Natural Gas,3126.0
04/29/2017 19:20:00,EDT,Nuclear,3781.0
04/29/2017 19:20:00,EDT,Other Fossil Fuels,129.0
04/29/2017 19:20:00,EDT,Other Renewables,266.0
04/29/2017 19:20:00,EDT,Wind,729.0
04/29/2017 19:20:00,EDT,Hydro,3689.0
04/29/2017 19:25:00,EDT,Dual Fuel,2842.0
04/29/2017 19:25:00,EDT,Natural Gas,3069.0
04/29/2017 19:25:00,EDT,Nuclear,3781.0
04/29/2017 19:25:00,EDT,Other Fossil Fuels,129.0
04/29/2017 19:25:00,EDT,Other Renewables,264.0
04/29/2017 19:25:00,EDT,Wind,732.0
04/29/2017 19:25:00,EDT,Hydro,3702.0
04/29/2017 19:30:00,EDT,Dual Fuel,2886.0
04/29/2017 19:30:00,EDT,Natural Gas,3038.0
04/29/2017 19:30:00,EDT,Nuclear,3779.0
04/29/2017 19:30:00,EDT,Other Fossil Fuels,110.0
04/29/2017 19:30:00,EDT,Other Renewables,262.0
04/29/2017 19:30:00,EDT,Wind,722.0
04/29/2017 19:30:00,EDT,Hydro,3765.0
04/29/2017 19:35:00,EDT,Dual Fuel,2884.0
04/29/2017 19:35:00,EDT,Natural Gas,3063.0
04/29/2017 19:35:00,EDT,Nuclear,3781.0
04/29/2017 19:35:00,EDT,Other Fossil Fuels,76.0
04/29/2017 19:35:00,EDT,Other Renewables,261.0
04/29/2017 19:35:00,EDT,Wind,701.0
04/29/2017 19:35:00,EDT,Hydro,3821.0
04/29/2017 19:40:00,EDT,Dual Fuel,2880.0
04/29/2017 19:40:00,EDT,Natural Gas,3095.0
04/29/2017 19:40:00,EDT,Nuclear,3781.0
04/29/2017 19:40:00,EDT,Other Fossil Fuels,75.0
04/29/2017 19:40:00,EDT,Other Renewables,261.0
04/29/2017 19:40:00,EDT,Wind,689.0
04/29/2017 19:40:00,EDT,Hydro,3786.0
04/29/2017 19:45:00,EDT,Dual Fuel,2903.0
04/29/2017 19:45:00,EDT,Natural Gas,3086.0
04/29/2017 19:45:00,EDT,Nuclear,3782.0
04/29/2017 19:45:00,EDT,Other Fossil Fuels,75.0
04/29/2017 19:45:00,EDT,Other Renewables,262.0
04/29/2017 19:45:00,EDT,Wind,710.0
04/29/2017 19:45:00,EDT,Hydro,3726.0
04/29/2017 19:50:00,EDT,Dual Fuel,2899.0
04/29/2017 19:50:00,EDT,Natural Gas,3031.0
04/29/2017 19:50:00,EDT,Nuclear,3782.0
04/29/2017 19:50:00,EDT,Other Fossil Fuels,75.0
04/29/2017 19:50:00,EDT,Other Renewables,262.0
04/29/2017 19:50:00,EDT,Wind,691.0
04/29/2017 19:50:00,EDT,Hydro,3744.0
04/29/2017 19:55:00,EDT,Dual Fuel,2867.0
04/29/2017 19:55:00,EDT,Natural Gas,2997.0
04/29/2017 19:55:00,EDT,Nuclear,3782.0
04/29/2017 19:55:00,EDT,Other Fossil Fuels,75.0
04/29/2017 19:55:00,EDT,Other Renewables,261.0
04/29/2017 19:55:00,EDT,Wind,702.0
04/29/2017 19:55:00,EDT,Hydro,3737.0
04/29/2017 20:00:00,EDT,Dual Fuel,2857.0
04/29/2017 20:00:00,EDT,Natural Gas,2955.0
04/29/2017 20:00:00,EDT,Nuclear,3781.0
04/29/2017 20:00:00,EDT,Other Fossil Fuels,75.0
04/29/2017 20:00:00,EDT,Other Renewables,261.0
04/29/2017 20:00:00,EDT,Wind,693.0
04/29/2017 20:00:00,EDT,Hydro,3768.0
04/29/2017 20:05:00,EDT,Dual Fuel,2816.0
04/29/2017 20:05:00,EDT,Natural Gas,2899.0
04/29/2017 20:05:00,EDT,Nuclear,3780.0
04/29/2017 20:05:00,EDT,Other Fossil Fuels,75.0
04/29/2017 20:05:00,EDT,Other Renewables,255.0
04/29/2017 20:05:00,EDT,Wind,700.0
04/29/2017 20:05:00,EDT,Hydro,3842.0
04/29/2017 20:10:00,EDT,Dual Fuel,2826.0
04/29/2017 20:10:00,EDT,Natural Gas,2898.0
04/29/2017 20:10:00,EDT,Nuclear,3782.0
04/29/2017 20:10:00,EDT,Other Fossil Fuels,75.0
04/29/2017 20:10:00,EDT,Other Renewables,253.0
04/29/2017 20:10:00,EDT,Wind,679.0
04/29/2017 20:10:00,EDT,Hydro,3943.0
04/29/2017 20:15:00,EDT,Dual Fuel,2783.0
04/29/2017 20:15:00,EDT,Natural Gas,2936.0
04/29/2017 20:15:00,EDT,Nuclear,3782.0
04/29/2017 20:15:00,EDT,Other Fossil Fuels,75.0
04/29/2017 20:15:00,EDT,Other Renewables,258.0
04/29/2017 20:15:00,EDT,Wind,652.0
04/29/2017 20:15:00,EDT,Hydro,4011.0
04/29/2017 20:20:00,EDT,Dual Fuel,2777.0
04/29/2017 20:20:00,EDT,Natural Gas,2953.0
04/29/2017 20:20:00,EDT,Nuclear,3783.0
04/29/2017 20:20:00,EDT,Other Fossil Fuels,75.0
04/29/2017 20:20:00,EDT,Other Renewables,259.0
04/29/2017 20:20:00,EDT,Wind,641.0
04/29/2017 20:20:00,EDT,Hydro,4037.0
04/29/2017 20:25:00,EDT,Dual Fuel,2755.0
04/29/2017 20:25:00,EDT,Natural Gas,2968.0
04/29/2017 20:25:00,EDT,Nuclear,3783.0
04/29/2017 20:25:00,EDT,Other Fossil Fuels,75.0
04/29/2017 20:25:00,EDT,Other Renewables,257.0
04/29/2017 20:25:00,EDT,Wind,623.0
04/29/2017 20:25:00,EDT,Hydro,4001.0
04/29/2017 20:30:00,EDT,Dual Fuel,2763.0
04/29/2017 20:30:00,EDT,Natural Gas,2968.0
04/29/2017 20:30:00,EDT,Nuclear,3781.0
04/29/2017 20:30:00,EDT,Other Fossil Fuels,75.0
04/29/2017 20:30:00,EDT,Other Renewables,257.0
04/29/2017 20:30:00,EDT,Wind,599.0
04/29/2017 20:30:00,EDT,Hydro,4055.0
04/29/2017 20:35:00,EDT,Dual Fuel,2824.0
04/29/2017 20:35:00,EDT,Natural Gas,2970.0
04/29/2017 20:35:00,EDT,Nuclear,3778.0
04/29/2017 20:35:00,EDT,Other Fossil Fuels,75.0
04/29/2017 20:35:00,EDT,Other Renewables,257.0
04/29/2017 20:35:00,EDT,Wind,586.0
04/29/2017 20:35:00,EDT,Hydro,4094.0
04/29/2017 20:40:00,EDT,Dual Fuel,2893.0
04/29/2017 20:40:00,EDT,Natural Gas,2960.0
04/29/2017 20:40:00,EDT,Nuclear,3781.0
04/29/2017 20:40:00,EDT,Other Fossil Fuels,75.0
04/29/2017 20:40:00,EDT,Other Renewables,258.0
04/29/2017 20:40:00,EDT,Wind,586.0
04/29/2017 20:40:00,EDT,Hydro,4047.0
04/29/2017 20:45:00,EDT,Dual Fuel,2934.0
04/29/2017 20:45:00,EDT,Natural Gas,2940.0
04/29/2017 20:45:00,EDT,Nuclear,3782.0
04/29/2017 20:45:00,EDT,Other Fossil Fuels,75.0
04/29/2017 20:45:00,EDT,Other Renewables,257.0
04/29/2017 20:45:00,EDT,Wind,546.0
04/29/2017 20:45:00,EDT,Hydro,4039.0
04/29/2017 20:50:00,EDT,Dual Fuel,2964.0
04/29/2017 20:50:00,EDT,Natural Gas,2932.0
04/29/2017 20:50:00,EDT,Nuclear,3784.0
04/29/2017 20:50:00,EDT,Other Fossil Fuels,75.0
04/29/2017 20:50:00,EDT,Other Renewables,257.0
04/29/2017 20:50:00,EDT,Wind,516.0
04/29/2017 20:50:00,EDT,Hydro,3971.0
04/29/2017 20:55:00,EDT,Dual Fuel,2976.0
04/29/2017 20:55:00,EDT,Natural Gas,2902.0
04/29/2017 20:55:00,EDT,Nuclear,3785.0
04/29/2017 20:55:00,EDT,Other Fossil Fuels,75.0
04/29/2017 20:55:00,EDT,Other Renewables,257.0
04/29/2017 20:55:00,EDT,Wind,468.0
04/29/2017 20:55:00,EDT,Hydro,3903.0
04/29/2017 21:00:00,EDT,Dual Fuel,2973.0
04/29/2017 21:00:00,EDT,Natural Gas,2885.0
04/29/2017 21:00:00,EDT,Nuclear,3784.0
04/29/2017 21:00:00,EDT,Other Fossil Fuels,75.0
04/29/2017 21:00:00,EDT,Other Renewables,261.0
04/29/2017 21:00:00,EDT,Wind,454.0
04/29/2017 21:00:00,EDT,Hydro,3891.0
04/29/2017 21:05:00,EDT,Dual Fuel,2986.0
04/29/2017 21:05:00,EDT,Natural Gas,2948.0
04/29/2017 21:05:00,EDT,Nuclear,3782.0
04/29/2017 21:05:00,EDT,Other Fossil Fuels,75.0
04/29/2017 21:05:00,EDT,Other Renewables,260.0
04/29/2017 21:05:00,EDT,Wind,415.0
04/29/2017 21:05:00,EDT,Hydro,3867.0
04/29/2017 21:10:00,EDT,Dual Fuel,2991.0
04/29/2017 21:10:00,EDT,Natural Gas,2989.0
04/29/2017 21:10:00,EDT,Nuclear,3783.0
04/29/2017 21:10:00,EDT,Other Fossil Fuels,75.0
04/29/2017 21:10:00,EDT,Other Renewables,260.0
04/29/2017 21:10:00,EDT,Wind,400.0
04/29/2017 21:10:00,EDT,Hydro,3846.0
04/29/2017 21:15:00,EDT,Dual Fuel,2969.0
04/29/2017 21:15:00,EDT,Natural Gas,3007.0
04/29/2017 21:15:00,EDT,Nuclear,3782.0
04/29/2017 21:15:00,EDT,Other Fossil Fuels,75.0
04/29/2017 21:15:00,EDT,Other Renewables,259.0
04/29/2017 21:15:00,EDT,Wind,408.0
04/29/2017 21:15:00,EDT,Hydro,3847.0
04/29/2017 21:20:00,EDT,Dual Fuel,2945.0
04/29/2017 21:20:00,EDT,Natural Gas,3044.0
04/29/2017 21:20:00,EDT,Nuclear,3783.0
04/29/2017 21:20:00,EDT,Other Fossil Fuels,75.0
04/29/2017 21:20:00,EDT,Other Renewables,261.0
04/29/2017 21:20:00,EDT,Wind,418.0
04/29/2017 21:20:00,EDT,Hydro,3809.0
04/29/2017 21:25:00,EDT,Dual Fuel,2947.0
04/29/2017 21:25:00,EDT,Natural Gas,3022.0
04/29/2017 21:25:00,EDT,Nuclear,3782.0
04/29/2017 21:25:00,EDT,Other Fossil Fuels,75.0
04/29/2017 21:25:00,EDT,Other Renewables,260.0
04/29/2017 21:25:00,EDT,Wind,432.0
04/29/2017 21:25:00,EDT,Hydro,3736.0
04/29/2017 21:30:00,EDT,Dual Fuel,2957.0
04/29/2017 21:30:00,EDT,Natural Gas,2941.0
04/29/2017 21:30:00,EDT,Nuclear,3784.0
04/29/2017 21:30:00,EDT,Other Fossil Fuels,75.0
04/29/2017 21:30:00,EDT,Other Renewables,262.0
04/29/2017 21:30:00,EDT,Wind,441.0
04/29/2017 21:30:00,EDT,Hydro,3706.0
04/29/2017 21:35:00,EDT,Dual Fuel,2952.0
04/29/2017 21:35:00,EDT,Natural Gas,2875.0
04/29/2017 21:35:00,EDT,Nuclear,3785.0
04/29/2017 21:35:00,EDT,Other Fossil Fuels,75.0
04/29/2017 21:35:00,EDT,Other Renewables,263.0
04/29/2017 21:35:00,EDT,Wind,445.0
04/29/2017 21:35:00,EDT,Hydro,3740.0
04/29/2017 21:40:00,EDT,Dual Fuel,2944.0
04/29/2017 21:40:00,EDT,Natural Gas,2827.0
04/29/2017 21:40:00,EDT,Nuclear,3783.0
04/29/2017 21:40:00,EDT,Other Fossil Fuels,75.0
04/29/2017 21:40:00,EDT,Other Renewables,262.0
04/29/2017 21:40:00,EDT,Wind,423.0
04/29/2017 21:40:00,EDT,Hydro,3702.0
04/29/2017 21:45:00,EDT,Dual Fuel,2936.0
04/29/2017 21:45:00,EDT,Natural Gas,2785.0
04/29/2017 21:45:00,EDT,Nuclear,3783.0
04/29/2017 21:45:00,EDT,Other Fossil Fuels,75.0
04/29/2017 21:45:00,EDT,Other Renewables,260.0
04/29/2017 21:45:00,EDT,Wind,413.0
04/29/2017 21:45:00,EDT,Hydro,3735.0
04/29/2017 21:50:00,EDT,Dual Fuel,2854.0
04/29/2017 21:50:00,EDT,Natural Gas,2789.0
04/29/2017 21:50:00,EDT,Nuclear,3783.0
04/29/2017 21:50:00,EDT,Other Fossil Fuels,75.0
04/29/2017 21:50:00,EDT,Other Renewables,263.0
04/29/2017 21:50:00,EDT,Wind,404.0
04/29/2017 21:50:00,EDT,Hydro,3754.0
04/29/2017 21:55:00,EDT,Dual Fuel,2782.0
04/29/2017 21:55:00,EDT,Natural Gas,2825.0
04/29/2017 21:55:00,EDT,Nuclear,3784.0
04/29/2017 21:55:00,EDT,Other Fossil Fuels,75.0
04/29/2017 21:55:00,EDT,Other Renewables,264.0
04/29/2017 21:55:00,EDT,Wind,382.0
04/29/2017 21:55:00,EDT,Hydro,3722.0
04/29/2017 22:00:00,EDT,Dual Fuel,2696.0
04/29/2017 22:00:00,EDT,Natural Gas,2852.0
04/29/2017 22:00:00,EDT,Nuclear,3784.0
04/29/2017 22:00:00,EDT,Other Fossil Fuels,75.0
04/29/2017 22:00:00,EDT,Other Renewables,264.0
04/29/2017 22:00:00,EDT,Wind,360.0
04/29/2017 22:00:00,EDT,Hydro,3686.0
04/29/2017 22:05:00,EDT,Dual Fuel,2590.0
04/29/2017 22:05:00,EDT,Natural Gas,2842.0
04/29/2017 22:05:00,EDT,Nuclear,3784.0
04/29/2017 22:05:00,EDT,Other Fossil Fuels,75.0
04/29/2017 22:05:00,EDT,Other Renewables,261.0
04/29/2017 22:05:00,EDT,Wind,336.0
04/29/2017 22:05:00,EDT,Hydro,3578.0
04/29/2017 22:10:00,EDT,Dual Fuel,2554.0
04/29/2017 22:10:00,EDT,Natural Gas,2761.0
04/29/2017 22:10:00,EDT,Nuclear,3785.0
04/29/2017 22:10:00,EDT,Other Fossil Fuels,75.0
04/29/2017 22:10:00,EDT,Other Renewables,263.0
04/29/2017 22:10:00,EDT,Wind,329.0
04/29/2017 22:10:00,EDT,Hydro,3499.0
04/29/2017 22:15:00,EDT,Dual Fuel,2551.0
04/29/2017 22:15:00,EDT,Natural Gas,2739.0
04/29/2017 22:15:00,EDT,Nuclear,3783.0
04/29/2017 22:15:00,EDT,Other Fossil Fuels,75.0
04/29/2017 22:15:00,EDT,Other Renewables,265.0
04/29/2017 22:15:00,EDT,Wind,296.0
04/29/2017 22:15:00,EDT,Hydro,3349.0
04/29/2017 22:20:00,EDT,Dual Fuel,2518.0
04/29/2017 22:20:00,EDT,Natural Gas,2716.0
04/29/2017 22:20:00,EDT,Nuclear,3785.0
04/29/2017 22:20:00,EDT,Other Fossil Fuels,75.0
04/29/2017 22:20:00,EDT,Other Renewables,265.0
04/29/2017 22:20:00,EDT,Wind,265.0
04/29/2017 22:20:00,EDT,Hydro,3367.0
04/29/2017 22:25:00,EDT,Dual Fuel,2525.0
04/29/2017 22:25:00,EDT,Natural Gas,2712.0
04/29/2017 22:25:00,EDT,Nuclear,3785.0
04/29/2017 22:25:00,EDT,Other Fossil Fuels,75.0
04/29/2017 22:25:00,EDT,Other Renewables,264.0
04/29/2017 22:25:00,EDT,Wind,266.0
04/29/2017 22:25:00,EDT,Hydro,3387.0
04/29/2017 22:30:00,EDT,Dual Fuel,2483.0
04/29/2017 22:30:00,EDT,Natural Gas,2718.0
04/29/2017 22:30:00,EDT,Nuclear,3785.0
04/29/2017 22:30:00,EDT,Other Fossil Fuels,75.0
04/29/2017 22:30:00,EDT,Other Renewables,264.0
04/29/2017 22:30:00,EDT,Wind,257.0
04/29/2017 22:30:00,EDT,Hydro,3404.0
04/29/2017 22:35:00,EDT,Dual Fuel,2451.0
04/29/2017 22:35:00,EDT,Natural Gas,2640.0
04/29/2017 22:35:00,EDT,Nuclear,3785.0
04/29/2017 22:35:00,EDT,Other Fossil Fuels,75.0
04/29/2017 22:35:00,EDT,Other Renewables,263.0
04/29/2017 22:35:00,EDT,Wind,251.0
04/29/2017 22:35:00,EDT,Hydro,3285.0
04/29/2017 22:40:00,EDT,Dual Fuel,2442.0
04/29/2017 22:40:00,EDT,Natural Gas,2569.0
04/29/2017 22:40:00,EDT,Nuclear,3785.0
04/29/2017 22:40:00,EDT,Other Fossil Fuels,75.0
04/29/2017 22:40:00,EDT,Other Renewables,266.0
04/29/2017 22:40:00,EDT,Wind,273.0
04/29/2017 22:40:00,EDT,Hydro,3226.0
04/29/2017 22:45:00,EDT,Dual Fuel,2443.0
04/29/2017 22:45:00,EDT,Natural Gas,2520.0
04/29/2017 22:45:00,EDT,Nuclear,3786.0
04/29/2017 22:45:00,EDT,Other Fossil Fuels,75.0
04/29/2017 22:45:00,EDT,Other Renewables,265.0
04/29/2017 22:45:00,EDT,Wind,289.0
04/29/2017 22:45:00,EDT,Hydro,3167.0
04/29/2017 22:50:00,EDT,Dual Fuel,2434.0
04/29/2017 22:50:00,EDT,Natural Gas,2449.0
04/29/2017 22:50:00,EDT,Nuclear,3785.0
04/29/2017 22:50:00,EDT,Other Fossil Fuels,75.0
04/29/2017 22:50:00,EDT,Other Renewables,263.0
04/29/2017 22:50:00,EDT,Wind,297.0
04/29/2017 22:50:00,EDT,Hydro,3161.0
04/29/2017 22:55:00,EDT,Dual Fuel,2382.0
04/29/2017 22:55:00,EDT,Natural Gas,2420.0
04/29/2017 22:55:00,EDT,Nuclear,3787.0
04/29/2017 22:55:00,EDT,Other Fossil Fuels,75.0
04/29/2017 22:55:00,EDT,Other Renewables,267.0
04/29/2017 22:55:00,EDT,Wind,303.0
04/29/2017 22:55:00,EDT,Hydro,3099.0
04/29/2017 23:00:00,EDT,Dual Fuel,2367.0
04/29/2017 23:00:00,EDT,Natural Gas,2494.0
04/29/2017 23:00:00,EDT,Nuclear,3785.0
04/29/2017 23:00:00,EDT,Other Fossil Fuels,75.0
04/29/2017 23:00:00,EDT,Other Renewables,267.0
04/29/2017 23:00:00,EDT,Wind,296.0
04/29/2017 23:00:00,EDT,Hydro,2962.0
04/29/2017 23:05:00,EDT,Dual Fuel,2372.0
04/29/2017 23:05:00,EDT,Natural Gas,2477.0
04/29/2017 23:05:00,EDT,Nuclear,3786.0
04/29/2017 23:05:00,EDT,Other Fossil Fuels,75.0
04/29/2017 23:05:00,EDT,Other Renewables,262.0
04/29/2017 23:05:00,EDT,Wind,287.0
04/29/2017 23:05:00,EDT,Hydro,2851.0
04/29/2017 23:10:00,EDT,Dual Fuel,2322.0
04/29/2017 23:10:00,EDT,Natural Gas,2408.0
04/29/2017 23:10:00,EDT,Nuclear,3785.0
04/29/2017 23:10:00,EDT,Other Fossil Fuels,75.0
04/29/2017 23:10:00,EDT,Other Renewables,261.0
04/29/2017 23:10:00,EDT,Wind,274.0
04/29/2017 23:10:00,EDT,Hydro,2886.0
04/29/2017 23:15:00,EDT,Dual Fuel,2295.0
04/29/2017 23:15:00,EDT,Natural Gas,2361.0
04/29/2017 23:15:00,EDT,Nuclear,3787.0
04/29/2017 23:15:00,EDT,Other Fossil Fuels,75.0
04/29/2017 23:15:00,EDT,Other Renewables,265.0
04/29/2017 23:15:00,EDT,Wind,268.0
04/29/2017 23:15:00,EDT,Hydro,2958.0
04/29/2017 23:20:00,EDT,Dual Fuel,2243.0
04/29/2017 23:20:00,EDT,Natural Gas,2402.0
04/29/2017 23:20:00,EDT,Nuclear,3787.0
04/29/2017 23:20:00,EDT,Other Fossil Fuels,75.0
04/29/2017 23:20:00,EDT,Other Renewables,266.0
04/29/2017 23:20:00,EDT,Wind,264.0
04/29/2017 23:20:00,EDT,Hydro,2987.0
04/29/2017 23:25:00,EDT,Dual Fuel,2186.0
04/29/2017 23:25:00,EDT,Natural Gas,2406.0
04/29/2017 23:25:00,EDT,Nuclear,3786.0
04/29/2017 23:25:00,EDT,Other Fossil Fuels,75.0
04/29/2017 23:25:00,EDT,Other Renewables,264.0
04/29/2017 23:25:00,EDT,Wind,241.0
04/29/2017 23:25:00,EDT,Hydro,3026.0
04/29/2017 23:30:00,EDT,Dual Fuel,2169.0
04/29/2017 23:30:00,EDT,Natural Gas,2407.0
04/29/2017 23:30:00,EDT,Nuclear,3787.0
04/29/2017 23:30:00,EDT,Other Fossil Fuels,75.0
04/29/2017 23:30:00,EDT,Other Renewables,264.0
04/29/2017 23:30:00,EDT,Wind,235.0
04/29/2017 23:30:00,EDT,Hydro,3067.0
04/29/2017 23:35:00,EDT,Dual Fuel,2140.0
04/29/2017 23:35:00,EDT,Natural Gas,2406.0
04/29/2017 23:35:00,EDT,Nuclear,3786.0
04/29/2017 23:35:00,EDT,Other Fossil Fuels,75.0
04/29/2017 23:35:00,EDT,Other Renewables,264.0
04/29/2017 23:35:00,EDT,Wind,235.0
04/29/2017 23:35:00,EDT,Hydro,3036.0
04/29/2017 23:40:00,EDT,Dual Fuel,2071.0
04/29/2017 23:40:00,EDT,Natural Gas,2406.0
04/29/2017 23:40:00,EDT,Nuclear,3786.0
04/29/2017 23:40:00,EDT,Other Fossil Fuels,75.0
04/29/2017 23:40:00,EDT,Other Renewables,265.0
04/29/2017 23:40:00,EDT,Wind,237.0
04/29/2017 23:40:00,EDT,Hydro,3005.0
04/29/2017 23:45:00,EDT,Dual Fuel,2048.0
04/29/2017 23:45:00,EDT,Natural Gas,2408.0
04/29/2017 23:45:00,EDT,Nuclear,3787.0
04/29/2017 23:45:00,EDT,Other Fossil Fuels,75.0
04/29/2017 23:45:00,EDT,Other Renewables,262.0
04/29/2017 23:45:00,EDT,Wind,227.0
04/29/2017 23:45:00,EDT,Hydro,2952.0
04/29/2017 23:50:00,EDT,Dual Fuel,2025.0
04/29/2017 23:50:00,EDT,Natural Gas,2405.0
04/29/2017 23:50:00,EDT,Nuclear,3785.0
04/29/2017 23:50:00,EDT,Other Fossil Fuels,75.0
04/29/2017 23:50:00,EDT,Other Renewables,264.0
04/29/2017 23:50:00,EDT,Wind,216.0
04/29/2017 23:50:00,EDT,Hydro,2927.0
04/29/2017 23:55:00,EDT,Dual Fuel,1965.0
04/29/2017 23:55:00,EDT,Natural Gas,2381.0
04/29/2017 23:55:00,EDT,Nuclear,3786.0
04/29/2017 23:55:00,EDT,Other Fossil Fuels,75.0
04/29/2017 23:55:00,EDT,Other Renewables,269.0
04/29/2017 23:55:00,EDT,Wind,215.0
04/29/2017 23:55:00,EDT,Hydro,2862.0
