Time Stamp,Time Zone,Fuel Category,Gen MW
08/02/2019 00:05:00,EDT,Dual Fuel,4194.0
08/02/2019 00:05:00,EDT,Natural Gas,3251.0
08/02/2019 00:05:00,EDT,Nuclear,5240.0
08/02/2019 00:05:00,EDT,Other Fossil Fuels,50.0
08/02/2019 00:05:00,EDT,Other Renewables,266.0
08/02/2019 00:05:00,EDT,Wind,63.0
08/02/2019 00:05:00,EDT,Hydro,2384.0
08/02/2019 00:10:00,EDT,Dual Fuel,4229.0
08/02/2019 00:10:00,EDT,Natural Gas,3135.0
08/02/2019 00:10:00,EDT,Nuclear,5239.0
08/02/2019 00:10:00,EDT,Other Fossil Fuels,51.0
08/02/2019 00:10:00,EDT,Other Renewables,264.0
08/02/2019 00:10:00,EDT,Wind,60.0
08/02/2019 00:10:00,EDT,Hydro,2401.0
08/02/2019 00:15:00,EDT,Dual Fuel,4179.0
08/02/2019 00:15:00,EDT,Natural Gas,3087.0
08/02/2019 00:15:00,EDT,Nuclear,5241.0
08/02/2019 00:15:00,EDT,Other Fossil Fuels,51.0
08/02/2019 00:15:00,EDT,Other Renewables,263.0
08/02/2019 00:15:00,EDT,Wind,56.0
08/02/2019 00:15:00,EDT,Hydro,2421.0
08/02/2019 00:20:00,EDT,Dual Fuel,4124.0
08/02/2019 00:20:00,EDT,Natural Gas,3042.0
08/02/2019 00:20:00,EDT,Nuclear,5240.0
08/02/2019 00:20:00,EDT,Other Fossil Fuels,50.0
08/02/2019 00:20:00,EDT,Other Renewables,266.0
08/02/2019 00:20:00,EDT,Wind,55.0
08/02/2019 00:20:00,EDT,Hydro,2441.0
08/02/2019 00:25:00,EDT,Dual Fuel,4110.0
08/02/2019 00:25:00,EDT,Natural Gas,3008.0
08/02/2019 00:25:00,EDT,Nuclear,5239.0
08/02/2019 00:25:00,EDT,Other Fossil Fuels,51.0
08/02/2019 00:25:00,EDT,Other Renewables,263.0
08/02/2019 00:25:00,EDT,Wind,54.0
08/02/2019 00:25:00,EDT,Hydro,2460.0
08/02/2019 00:30:00,EDT,Dual Fuel,4146.0
08/02/2019 00:30:00,EDT,Natural Gas,2958.0
08/02/2019 00:30:00,EDT,Nuclear,5237.0
08/02/2019 00:30:00,EDT,Other Fossil Fuels,51.0
08/02/2019 00:30:00,EDT,Other Renewables,262.0
08/02/2019 00:30:00,EDT,Wind,51.0
08/02/2019 00:30:00,EDT,Hydro,2450.0
08/02/2019 00:35:00,EDT,Dual Fuel,4157.0
08/02/2019 00:35:00,EDT,Natural Gas,2943.0
08/02/2019 00:35:00,EDT,Nuclear,5236.0
08/02/2019 00:35:00,EDT,Other Fossil Fuels,51.0
08/02/2019 00:35:00,EDT,Other Renewables,263.0
08/02/2019 00:35:00,EDT,Wind,47.0
08/02/2019 00:35:00,EDT,Hydro,2460.0
08/02/2019 00:40:00,EDT,Dual Fuel,4124.0
08/02/2019 00:40:00,EDT,Natural Gas,2923.0
08/02/2019 00:40:00,EDT,Nuclear,5238.0
08/02/2019 00:40:00,EDT,Other Fossil Fuels,51.0
08/02/2019 00:40:00,EDT,Other Renewables,265.0
08/02/2019 00:40:00,EDT,Wind,47.0
08/02/2019 00:40:00,EDT,Hydro,2447.0
08/02/2019 00:45:00,EDT,Dual Fuel,4022.0
08/02/2019 00:45:00,EDT,Natural Gas,2885.0
08/02/2019 00:45:00,EDT,Nuclear,5236.0
08/02/2019 00:45:00,EDT,Other Fossil Fuels,51.0
08/02/2019 00:45:00,EDT,Other Renewables,263.0
08/02/2019 00:45:00,EDT,Wind,48.0
08/02/2019 00:45:00,EDT,Hydro,2435.0
08/02/2019 00:50:00,EDT,Dual Fuel,4014.0
08/02/2019 00:50:00,EDT,Natural Gas,2833.0
08/02/2019 00:50:00,EDT,Nuclear,5236.0
08/02/2019 00:50:00,EDT,Other Fossil Fuels,50.0
08/02/2019 00:50:00,EDT,Other Renewables,264.0
08/02/2019 00:50:00,EDT,Wind,47.0
08/02/2019 00:50:00,EDT,Hydro,2379.0
08/02/2019 00:55:00,EDT,Dual Fuel,3935.0
08/02/2019 00:55:00,EDT,Natural Gas,2815.0
08/02/2019 00:55:00,EDT,Nuclear,5235.0
08/02/2019 00:55:00,EDT,Other Fossil Fuels,50.0
08/02/2019 00:55:00,EDT,Other Renewables,261.0
08/02/2019 00:55:00,EDT,Wind,46.0
08/02/2019 00:55:00,EDT,Hydro,2358.0
08/02/2019 01:00:00,EDT,Dual Fuel,3867.0
08/02/2019 01:00:00,EDT,Natural Gas,2796.0
08/02/2019 01:00:00,EDT,Nuclear,5236.0
08/02/2019 01:00:00,EDT,Other Fossil Fuels,50.0
08/02/2019 01:00:00,EDT,Other Renewables,265.0
08/02/2019 01:00:00,EDT,Wind,45.0
08/02/2019 01:00:00,EDT,Hydro,2381.0
08/02/2019 01:05:00,EDT,Dual Fuel,4006.0
08/02/2019 01:05:00,EDT,Natural Gas,2760.0
08/02/2019 01:05:00,EDT,Nuclear,5238.0
08/02/2019 01:05:00,EDT,Other Fossil Fuels,50.0
08/02/2019 01:05:00,EDT,Other Renewables,262.0
08/02/2019 01:05:00,EDT,Wind,44.0
08/02/2019 01:05:00,EDT,Hydro,2443.0
08/02/2019 01:10:00,EDT,Dual Fuel,4086.0
08/02/2019 01:10:00,EDT,Natural Gas,2778.0
08/02/2019 01:10:00,EDT,Nuclear,5239.0
08/02/2019 01:10:00,EDT,Other Fossil Fuels,50.0
08/02/2019 01:10:00,EDT,Other Renewables,262.0
08/02/2019 01:10:00,EDT,Wind,43.0
08/02/2019 01:10:00,EDT,Hydro,2450.0
08/02/2019 01:15:00,EDT,Dual Fuel,4069.0
08/02/2019 01:15:00,EDT,Natural Gas,2729.0
08/02/2019 01:15:00,EDT,Nuclear,5242.0
08/02/2019 01:15:00,EDT,Other Fossil Fuels,51.0
08/02/2019 01:15:00,EDT,Other Renewables,262.0
08/02/2019 01:15:00,EDT,Wind,44.0
08/02/2019 01:15:00,EDT,Hydro,2453.0
08/02/2019 01:20:00,EDT,Dual Fuel,4010.0
08/02/2019 01:20:00,EDT,Natural Gas,2677.0
08/02/2019 01:20:00,EDT,Nuclear,5242.0
08/02/2019 01:20:00,EDT,Other Fossil Fuels,50.0
08/02/2019 01:20:00,EDT,Other Renewables,262.0
08/02/2019 01:20:00,EDT,Wind,47.0
08/02/2019 01:20:00,EDT,Hydro,2459.0
08/02/2019 01:25:00,EDT,Dual Fuel,3954.0
08/02/2019 01:25:00,EDT,Natural Gas,2665.0
08/02/2019 01:25:00,EDT,Nuclear,5242.0
08/02/2019 01:25:00,EDT,Other Fossil Fuels,51.0
08/02/2019 01:25:00,EDT,Other Renewables,260.0
08/02/2019 01:25:00,EDT,Wind,49.0
08/02/2019 01:25:00,EDT,Hydro,2459.0
08/02/2019 01:30:00,EDT,Dual Fuel,3932.0
08/02/2019 01:30:00,EDT,Natural Gas,2629.0
08/02/2019 01:30:00,EDT,Nuclear,5242.0
08/02/2019 01:30:00,EDT,Other Fossil Fuels,51.0
08/02/2019 01:30:00,EDT,Other Renewables,259.0
08/02/2019 01:30:00,EDT,Wind,49.0
08/02/2019 01:30:00,EDT,Hydro,2455.0
08/02/2019 01:35:00,EDT,Dual Fuel,3943.0
08/02/2019 01:35:00,EDT,Natural Gas,2600.0
08/02/2019 01:35:00,EDT,Nuclear,5244.0
08/02/2019 01:35:00,EDT,Other Fossil Fuels,51.0
08/02/2019 01:35:00,EDT,Other Renewables,261.0
08/02/2019 01:35:00,EDT,Wind,46.0
08/02/2019 01:35:00,EDT,Hydro,2452.0
08/02/2019 01:40:00,EDT,Dual Fuel,3946.0
08/02/2019 01:40:00,EDT,Natural Gas,2599.0
08/02/2019 01:40:00,EDT,Nuclear,5242.0
08/02/2019 01:40:00,EDT,Other Fossil Fuels,50.0
08/02/2019 01:40:00,EDT,Other Renewables,267.0
08/02/2019 01:40:00,EDT,Wind,45.0
08/02/2019 01:40:00,EDT,Hydro,2420.0
08/02/2019 01:45:00,EDT,Dual Fuel,3932.0
08/02/2019 01:45:00,EDT,Natural Gas,2603.0
08/02/2019 01:45:00,EDT,Nuclear,5244.0
08/02/2019 01:45:00,EDT,Other Fossil Fuels,51.0
08/02/2019 01:45:00,EDT,Other Renewables,264.0
08/02/2019 01:45:00,EDT,Wind,42.0
08/02/2019 01:45:00,EDT,Hydro,2378.0
08/02/2019 01:50:00,EDT,Dual Fuel,3942.0
08/02/2019 01:50:00,EDT,Natural Gas,2612.0
08/02/2019 01:50:00,EDT,Nuclear,5244.0
08/02/2019 01:50:00,EDT,Other Fossil Fuels,50.0
08/02/2019 01:50:00,EDT,Other Renewables,265.0
08/02/2019 01:50:00,EDT,Wind,39.0
08/02/2019 01:50:00,EDT,Hydro,2385.0
08/02/2019 01:55:00,EDT,Dual Fuel,3920.0
08/02/2019 01:55:00,EDT,Natural Gas,2608.0
08/02/2019 01:55:00,EDT,Nuclear,5244.0
08/02/2019 01:55:00,EDT,Other Fossil Fuels,51.0
08/02/2019 01:55:00,EDT,Other Renewables,263.0
08/02/2019 01:55:00,EDT,Wind,38.0
08/02/2019 01:55:00,EDT,Hydro,2384.0
08/02/2019 02:00:00,EDT,Dual Fuel,3894.0
08/02/2019 02:00:00,EDT,Natural Gas,2613.0
08/02/2019 02:00:00,EDT,Nuclear,5242.0
08/02/2019 02:00:00,EDT,Other Fossil Fuels,51.0
08/02/2019 02:00:00,EDT,Other Renewables,264.0
08/02/2019 02:00:00,EDT,Wind,39.0
08/02/2019 02:00:00,EDT,Hydro,2373.0
08/02/2019 02:05:00,EDT,Dual Fuel,3838.0
08/02/2019 02:05:00,EDT,Natural Gas,2611.0
08/02/2019 02:05:00,EDT,Nuclear,5244.0
08/02/2019 02:05:00,EDT,Other Fossil Fuels,50.0
08/02/2019 02:05:00,EDT,Other Renewables,261.0
08/02/2019 02:05:00,EDT,Wind,42.0
08/02/2019 02:05:00,EDT,Hydro,2385.0
08/02/2019 02:10:00,EDT,Dual Fuel,3804.0
08/02/2019 02:10:00,EDT,Natural Gas,2601.0
08/02/2019 02:10:00,EDT,Nuclear,5242.0
08/02/2019 02:10:00,EDT,Other Fossil Fuels,51.0
08/02/2019 02:10:00,EDT,Other Renewables,260.0
08/02/2019 02:10:00,EDT,Wind,43.0
08/02/2019 02:10:00,EDT,Hydro,2372.0
08/02/2019 02:15:00,EDT,Dual Fuel,3775.0
08/02/2019 02:15:00,EDT,Natural Gas,2601.0
08/02/2019 02:15:00,EDT,Nuclear,5244.0
08/02/2019 02:15:00,EDT,Other Fossil Fuels,51.0
08/02/2019 02:15:00,EDT,Other Renewables,259.0
08/02/2019 02:15:00,EDT,Wind,45.0
08/02/2019 02:15:00,EDT,Hydro,2350.0
08/02/2019 02:20:00,EDT,Dual Fuel,3790.0
08/02/2019 02:20:00,EDT,Natural Gas,2612.0
08/02/2019 02:20:00,EDT,Nuclear,5244.0
08/02/2019 02:20:00,EDT,Other Fossil Fuels,51.0
08/02/2019 02:20:00,EDT,Other Renewables,260.0
08/02/2019 02:20:00,EDT,Wind,43.0
08/02/2019 02:20:00,EDT,Hydro,2325.0
08/02/2019 02:25:00,EDT,Dual Fuel,3799.0
08/02/2019 02:25:00,EDT,Natural Gas,2613.0
08/02/2019 02:25:00,EDT,Nuclear,5245.0
08/02/2019 02:25:00,EDT,Other Fossil Fuels,50.0
08/02/2019 02:25:00,EDT,Other Renewables,260.0
08/02/2019 02:25:00,EDT,Wind,42.0
08/02/2019 02:25:00,EDT,Hydro,2306.0
08/02/2019 02:30:00,EDT,Dual Fuel,3791.0
08/02/2019 02:30:00,EDT,Natural Gas,2608.0
08/02/2019 02:30:00,EDT,Nuclear,5244.0
08/02/2019 02:30:00,EDT,Other Fossil Fuels,51.0
08/02/2019 02:30:00,EDT,Other Renewables,263.0
08/02/2019 02:30:00,EDT,Wind,43.0
08/02/2019 02:30:00,EDT,Hydro,2268.0
08/02/2019 02:35:00,EDT,Dual Fuel,3742.0
08/02/2019 02:35:00,EDT,Natural Gas,2602.0
08/02/2019 02:35:00,EDT,Nuclear,5244.0
08/02/2019 02:35:00,EDT,Other Fossil Fuels,51.0
08/02/2019 02:35:00,EDT,Other Renewables,263.0
08/02/2019 02:35:00,EDT,Wind,43.0
08/02/2019 02:35:00,EDT,Hydro,2258.0
08/02/2019 02:40:00,EDT,Dual Fuel,3703.0
08/02/2019 02:40:00,EDT,Natural Gas,2605.0
08/02/2019 02:40:00,EDT,Nuclear,5244.0
08/02/2019 02:40:00,EDT,Other Fossil Fuels,50.0
08/02/2019 02:40:00,EDT,Other Renewables,261.0
08/02/2019 02:40:00,EDT,Wind,40.0
08/02/2019 02:40:00,EDT,Hydro,2256.0
08/02/2019 02:45:00,EDT,Dual Fuel,3670.0
08/02/2019 02:45:00,EDT,Natural Gas,2608.0
08/02/2019 02:45:00,EDT,Nuclear,5244.0
08/02/2019 02:45:00,EDT,Other Fossil Fuels,50.0
08/02/2019 02:45:00,EDT,Other Renewables,262.0
08/02/2019 02:45:00,EDT,Wind,37.0
08/02/2019 02:45:00,EDT,Hydro,2256.0
08/02/2019 02:50:00,EDT,Dual Fuel,3605.0
08/02/2019 02:50:00,EDT,Natural Gas,2605.0
08/02/2019 02:50:00,EDT,Nuclear,5246.0
08/02/2019 02:50:00,EDT,Other Fossil Fuels,51.0
08/02/2019 02:50:00,EDT,Other Renewables,260.0
08/02/2019 02:50:00,EDT,Wind,36.0
08/02/2019 02:50:00,EDT,Hydro,2246.0
08/02/2019 02:55:00,EDT,Dual Fuel,3579.0
08/02/2019 02:55:00,EDT,Natural Gas,2608.0
08/02/2019 02:55:00,EDT,Nuclear,5248.0
08/02/2019 02:55:00,EDT,Other Fossil Fuels,51.0
08/02/2019 02:55:00,EDT,Other Renewables,259.0
08/02/2019 02:55:00,EDT,Wind,36.0
08/02/2019 02:55:00,EDT,Hydro,2258.0
08/02/2019 03:00:00,EDT,Dual Fuel,3541.0
08/02/2019 03:00:00,EDT,Natural Gas,2582.0
08/02/2019 03:00:00,EDT,Nuclear,5246.0
08/02/2019 03:00:00,EDT,Other Fossil Fuels,50.0
08/02/2019 03:00:00,EDT,Other Renewables,261.0
08/02/2019 03:00:00,EDT,Wind,39.0
08/02/2019 03:00:00,EDT,Hydro,2246.0
08/02/2019 03:05:00,EDT,Dual Fuel,3633.0
08/02/2019 03:05:00,EDT,Natural Gas,2568.0
08/02/2019 03:05:00,EDT,Nuclear,5247.0
08/02/2019 03:05:00,EDT,Other Fossil Fuels,51.0
08/02/2019 03:05:00,EDT,Other Renewables,262.0
08/02/2019 03:05:00,EDT,Wind,43.0
08/02/2019 03:05:00,EDT,Hydro,2251.0
08/02/2019 03:10:00,EDT,Dual Fuel,3569.0
08/02/2019 03:10:00,EDT,Natural Gas,2563.0
08/02/2019 03:10:00,EDT,Nuclear,5248.0
08/02/2019 03:10:00,EDT,Other Fossil Fuels,51.0
08/02/2019 03:10:00,EDT,Other Renewables,263.0
08/02/2019 03:10:00,EDT,Wind,47.0
08/02/2019 03:10:00,EDT,Hydro,2247.0
08/02/2019 03:15:00,EDT,Dual Fuel,3542.0
08/02/2019 03:15:00,EDT,Natural Gas,2572.0
08/02/2019 03:15:00,EDT,Nuclear,5247.0
08/02/2019 03:15:00,EDT,Other Fossil Fuels,50.0
08/02/2019 03:15:00,EDT,Other Renewables,264.0
08/02/2019 03:15:00,EDT,Wind,51.0
08/02/2019 03:15:00,EDT,Hydro,2248.0
08/02/2019 03:20:00,EDT,Dual Fuel,3536.0
08/02/2019 03:20:00,EDT,Natural Gas,2571.0
08/02/2019 03:20:00,EDT,Nuclear,5247.0
08/02/2019 03:20:00,EDT,Other Fossil Fuels,50.0
08/02/2019 03:20:00,EDT,Other Renewables,262.0
08/02/2019 03:20:00,EDT,Wind,50.0
08/02/2019 03:20:00,EDT,Hydro,2254.0
08/02/2019 03:25:00,EDT,Dual Fuel,3504.0
08/02/2019 03:25:00,EDT,Natural Gas,2568.0
08/02/2019 03:25:00,EDT,Nuclear,5246.0
08/02/2019 03:25:00,EDT,Other Fossil Fuels,50.0
08/02/2019 03:25:00,EDT,Other Renewables,263.0
08/02/2019 03:25:00,EDT,Wind,49.0
08/02/2019 03:25:00,EDT,Hydro,2254.0
08/02/2019 03:30:00,EDT,Dual Fuel,3473.0
08/02/2019 03:30:00,EDT,Natural Gas,2552.0
08/02/2019 03:30:00,EDT,Nuclear,5246.0
08/02/2019 03:30:00,EDT,Other Fossil Fuels,51.0
08/02/2019 03:30:00,EDT,Other Renewables,264.0
08/02/2019 03:30:00,EDT,Wind,48.0
08/02/2019 03:30:00,EDT,Hydro,2250.0
08/02/2019 03:35:00,EDT,Dual Fuel,3461.0
08/02/2019 03:35:00,EDT,Natural Gas,2533.0
08/02/2019 03:35:00,EDT,Nuclear,5245.0
08/02/2019 03:35:00,EDT,Other Fossil Fuels,51.0
08/02/2019 03:35:00,EDT,Other Renewables,262.0
08/02/2019 03:35:00,EDT,Wind,46.0
08/02/2019 03:35:00,EDT,Hydro,2255.0
08/02/2019 03:40:00,EDT,Dual Fuel,3464.0
08/02/2019 03:40:00,EDT,Natural Gas,2527.0
08/02/2019 03:40:00,EDT,Nuclear,5244.0
08/02/2019 03:40:00,EDT,Other Fossil Fuels,50.0
08/02/2019 03:40:00,EDT,Other Renewables,256.0
08/02/2019 03:40:00,EDT,Wind,47.0
08/02/2019 03:40:00,EDT,Hydro,2256.0
08/02/2019 03:45:00,EDT,Dual Fuel,3468.0
08/02/2019 03:45:00,EDT,Natural Gas,2516.0
08/02/2019 03:45:00,EDT,Nuclear,5246.0
08/02/2019 03:45:00,EDT,Other Fossil Fuels,51.0
08/02/2019 03:45:00,EDT,Other Renewables,261.0
08/02/2019 03:45:00,EDT,Wind,47.0
08/02/2019 03:45:00,EDT,Hydro,2255.0
08/02/2019 03:50:00,EDT,Dual Fuel,3453.0
08/02/2019 03:50:00,EDT,Natural Gas,2498.0
08/02/2019 03:50:00,EDT,Nuclear,5247.0
08/02/2019 03:50:00,EDT,Other Fossil Fuels,50.0
08/02/2019 03:50:00,EDT,Other Renewables,261.0
08/02/2019 03:50:00,EDT,Wind,49.0
08/02/2019 03:50:00,EDT,Hydro,2246.0
08/02/2019 03:55:00,EDT,Dual Fuel,3445.0
08/02/2019 03:55:00,EDT,Natural Gas,2492.0
08/02/2019 03:55:00,EDT,Nuclear,5248.0
08/02/2019 03:55:00,EDT,Other Fossil Fuels,51.0
08/02/2019 03:55:00,EDT,Other Renewables,261.0
08/02/2019 03:55:00,EDT,Wind,50.0
08/02/2019 03:55:00,EDT,Hydro,2253.0
08/02/2019 04:00:00,EDT,Dual Fuel,3446.0
08/02/2019 04:00:00,EDT,Natural Gas,2466.0
08/02/2019 04:00:00,EDT,Nuclear,5249.0
08/02/2019 04:00:00,EDT,Other Fossil Fuels,51.0
08/02/2019 04:00:00,EDT,Other Renewables,266.0
08/02/2019 04:00:00,EDT,Wind,51.0
08/02/2019 04:00:00,EDT,Hydro,2250.0
08/02/2019 04:05:00,EDT,Dual Fuel,3459.0
08/02/2019 04:05:00,EDT,Natural Gas,2497.0
08/02/2019 04:05:00,EDT,Nuclear,5245.0
08/02/2019 04:05:00,EDT,Other Fossil Fuels,50.0
08/02/2019 04:05:00,EDT,Other Renewables,265.0
08/02/2019 04:05:00,EDT,Wind,52.0
08/02/2019 04:05:00,EDT,Hydro,2257.0
08/02/2019 04:10:00,EDT,Dual Fuel,3460.0
08/02/2019 04:10:00,EDT,Natural Gas,2510.0
08/02/2019 04:10:00,EDT,Nuclear,5248.0
08/02/2019 04:10:00,EDT,Other Fossil Fuels,50.0
08/02/2019 04:10:00,EDT,Other Renewables,261.0
08/02/2019 04:10:00,EDT,Wind,53.0
08/02/2019 04:10:00,EDT,Hydro,2254.0
08/02/2019 04:15:00,EDT,Dual Fuel,3495.0
08/02/2019 04:15:00,EDT,Natural Gas,2516.0
08/02/2019 04:15:00,EDT,Nuclear,5248.0
08/02/2019 04:15:00,EDT,Other Fossil Fuels,51.0
08/02/2019 04:15:00,EDT,Other Renewables,262.0
08/02/2019 04:15:00,EDT,Wind,54.0
08/02/2019 04:15:00,EDT,Hydro,2261.0
08/02/2019 04:20:00,EDT,Dual Fuel,3489.0
08/02/2019 04:20:00,EDT,Natural Gas,2553.0
08/02/2019 04:20:00,EDT,Nuclear,5248.0
08/02/2019 04:20:00,EDT,Other Fossil Fuels,50.0
08/02/2019 04:20:00,EDT,Other Renewables,262.0
08/02/2019 04:20:00,EDT,Wind,55.0
08/02/2019 04:20:00,EDT,Hydro,2259.0
08/02/2019 04:25:00,EDT,Dual Fuel,3486.0
08/02/2019 04:25:00,EDT,Natural Gas,2567.0
08/02/2019 04:25:00,EDT,Nuclear,5249.0
08/02/2019 04:25:00,EDT,Other Fossil Fuels,50.0
08/02/2019 04:25:00,EDT,Other Renewables,259.0
08/02/2019 04:25:00,EDT,Wind,61.0
08/02/2019 04:25:00,EDT,Hydro,2253.0
08/02/2019 04:30:00,EDT,Dual Fuel,3499.0
08/02/2019 04:30:00,EDT,Natural Gas,2561.0
08/02/2019 04:30:00,EDT,Nuclear,5248.0
08/02/2019 04:30:00,EDT,Other Fossil Fuels,51.0
08/02/2019 04:30:00,EDT,Other Renewables,261.0
08/02/2019 04:30:00,EDT,Wind,65.0
08/02/2019 04:30:00,EDT,Hydro,2257.0
08/02/2019 04:35:00,EDT,Dual Fuel,3508.0
08/02/2019 04:35:00,EDT,Natural Gas,2554.0
08/02/2019 04:35:00,EDT,Nuclear,5249.0
08/02/2019 04:35:00,EDT,Other Fossil Fuels,51.0
08/02/2019 04:35:00,EDT,Other Renewables,263.0
08/02/2019 04:35:00,EDT,Wind,67.0
08/02/2019 04:35:00,EDT,Hydro,2260.0
08/02/2019 04:40:00,EDT,Dual Fuel,3500.0
08/02/2019 04:40:00,EDT,Natural Gas,2563.0
08/02/2019 04:40:00,EDT,Nuclear,5248.0
08/02/2019 04:40:00,EDT,Other Fossil Fuels,50.0
08/02/2019 04:40:00,EDT,Other Renewables,260.0
08/02/2019 04:40:00,EDT,Wind,69.0
08/02/2019 04:40:00,EDT,Hydro,2256.0
08/02/2019 04:45:00,EDT,Dual Fuel,3493.0
08/02/2019 04:45:00,EDT,Natural Gas,2569.0
08/02/2019 04:45:00,EDT,Nuclear,5249.0
08/02/2019 04:45:00,EDT,Other Fossil Fuels,51.0
08/02/2019 04:45:00,EDT,Other Renewables,260.0
08/02/2019 04:45:00,EDT,Wind,69.0
08/02/2019 04:45:00,EDT,Hydro,2260.0
08/02/2019 04:50:00,EDT,Dual Fuel,3494.0
08/02/2019 04:50:00,EDT,Natural Gas,2573.0
08/02/2019 04:50:00,EDT,Nuclear,5249.0
08/02/2019 04:50:00,EDT,Other Fossil Fuels,51.0
08/02/2019 04:50:00,EDT,Other Renewables,256.0
08/02/2019 04:50:00,EDT,Wind,69.0
08/02/2019 04:50:00,EDT,Hydro,2262.0
08/02/2019 04:55:00,EDT,Dual Fuel,3499.0
08/02/2019 04:55:00,EDT,Natural Gas,2581.0
08/02/2019 04:55:00,EDT,Nuclear,5251.0
08/02/2019 04:55:00,EDT,Other Fossil Fuels,50.0
08/02/2019 04:55:00,EDT,Other Renewables,257.0
08/02/2019 04:55:00,EDT,Wind,69.0
08/02/2019 04:55:00,EDT,Hydro,2256.0
08/02/2019 05:00:00,EDT,Dual Fuel,3507.0
08/02/2019 05:00:00,EDT,Natural Gas,2595.0
08/02/2019 05:00:00,EDT,Nuclear,5251.0
08/02/2019 05:00:00,EDT,Other Fossil Fuels,51.0
08/02/2019 05:00:00,EDT,Other Renewables,263.0
08/02/2019 05:00:00,EDT,Wind,72.0
08/02/2019 05:00:00,EDT,Hydro,2267.0
08/02/2019 05:05:00,EDT,Dual Fuel,3529.0
08/02/2019 05:05:00,EDT,Natural Gas,2577.0
08/02/2019 05:05:00,EDT,Nuclear,5250.0
08/02/2019 05:05:00,EDT,Other Fossil Fuels,50.0
08/02/2019 05:05:00,EDT,Other Renewables,260.0
08/02/2019 05:05:00,EDT,Wind,74.0
08/02/2019 05:05:00,EDT,Hydro,2251.0
08/02/2019 05:10:00,EDT,Dual Fuel,3524.0
08/02/2019 05:10:00,EDT,Natural Gas,2621.0
08/02/2019 05:10:00,EDT,Nuclear,5250.0
08/02/2019 05:10:00,EDT,Other Fossil Fuels,50.0
08/02/2019 05:10:00,EDT,Other Renewables,259.0
08/02/2019 05:10:00,EDT,Wind,71.0
08/02/2019 05:10:00,EDT,Hydro,2261.0
08/02/2019 05:15:00,EDT,Dual Fuel,3505.0
08/02/2019 05:15:00,EDT,Natural Gas,2648.0
08/02/2019 05:15:00,EDT,Nuclear,5251.0
08/02/2019 05:15:00,EDT,Other Fossil Fuels,51.0
08/02/2019 05:15:00,EDT,Other Renewables,259.0
08/02/2019 05:15:00,EDT,Wind,72.0
08/02/2019 05:15:00,EDT,Hydro,2257.0
08/02/2019 05:20:00,EDT,Dual Fuel,3597.0
08/02/2019 05:20:00,EDT,Natural Gas,2707.0
08/02/2019 05:20:00,EDT,Nuclear,5251.0
08/02/2019 05:20:00,EDT,Other Fossil Fuels,51.0
08/02/2019 05:20:00,EDT,Other Renewables,263.0
08/02/2019 05:20:00,EDT,Wind,71.0
08/02/2019 05:20:00,EDT,Hydro,2298.0
08/02/2019 05:25:00,EDT,Dual Fuel,3638.0
08/02/2019 05:25:00,EDT,Natural Gas,2714.0
08/02/2019 05:25:00,EDT,Nuclear,5253.0
08/02/2019 05:25:00,EDT,Other Fossil Fuels,50.0
08/02/2019 05:25:00,EDT,Other Renewables,261.0
08/02/2019 05:25:00,EDT,Wind,72.0
08/02/2019 05:25:00,EDT,Hydro,2313.0
08/02/2019 05:30:00,EDT,Dual Fuel,3702.0
08/02/2019 05:30:00,EDT,Natural Gas,2743.0
08/02/2019 05:30:00,EDT,Nuclear,5253.0
08/02/2019 05:30:00,EDT,Other Fossil Fuels,51.0
08/02/2019 05:30:00,EDT,Other Renewables,263.0
08/02/2019 05:30:00,EDT,Wind,71.0
08/02/2019 05:30:00,EDT,Hydro,2290.0
08/02/2019 05:35:00,EDT,Dual Fuel,3602.0
08/02/2019 05:35:00,EDT,Natural Gas,2763.0
08/02/2019 05:35:00,EDT,Nuclear,5253.0
08/02/2019 05:35:00,EDT,Other Fossil Fuels,50.0
08/02/2019 05:35:00,EDT,Other Renewables,260.0
08/02/2019 05:35:00,EDT,Wind,68.0
08/02/2019 05:35:00,EDT,Hydro,2340.0
08/02/2019 05:40:00,EDT,Dual Fuel,3586.0
08/02/2019 05:40:00,EDT,Natural Gas,2793.0
08/02/2019 05:40:00,EDT,Nuclear,5252.0
08/02/2019 05:40:00,EDT,Other Fossil Fuels,51.0
08/02/2019 05:40:00,EDT,Other Renewables,258.0
08/02/2019 05:40:00,EDT,Wind,67.0
08/02/2019 05:40:00,EDT,Hydro,2369.0
08/02/2019 05:45:00,EDT,Dual Fuel,3630.0
08/02/2019 05:45:00,EDT,Natural Gas,2789.0
08/02/2019 05:45:00,EDT,Nuclear,5251.0
08/02/2019 05:45:00,EDT,Other Fossil Fuels,50.0
08/02/2019 05:45:00,EDT,Other Renewables,263.0
08/02/2019 05:45:00,EDT,Wind,62.0
08/02/2019 05:45:00,EDT,Hydro,2389.0
08/02/2019 05:50:00,EDT,Dual Fuel,3638.0
08/02/2019 05:50:00,EDT,Natural Gas,2848.0
08/02/2019 05:50:00,EDT,Nuclear,5252.0
08/02/2019 05:50:00,EDT,Other Fossil Fuels,51.0
08/02/2019 05:50:00,EDT,Other Renewables,263.0
08/02/2019 05:50:00,EDT,Wind,61.0
08/02/2019 05:50:00,EDT,Hydro,2408.0
08/02/2019 05:55:00,EDT,Dual Fuel,3549.0
08/02/2019 05:55:00,EDT,Natural Gas,2925.0
08/02/2019 05:55:00,EDT,Nuclear,5245.0
08/02/2019 05:55:00,EDT,Other Fossil Fuels,51.0
08/02/2019 05:55:00,EDT,Other Renewables,258.0
08/02/2019 05:55:00,EDT,Wind,62.0
08/02/2019 05:55:00,EDT,Hydro,2498.0
08/02/2019 06:00:00,EDT,Dual Fuel,3522.0
08/02/2019 06:00:00,EDT,Natural Gas,2906.0
08/02/2019 06:00:00,EDT,Nuclear,5231.0
08/02/2019 06:00:00,EDT,Other Fossil Fuels,51.0
08/02/2019 06:00:00,EDT,Other Renewables,260.0
08/02/2019 06:00:00,EDT,Wind,62.0
08/02/2019 06:00:00,EDT,Hydro,2620.0
08/02/2019 06:05:00,EDT,Dual Fuel,3598.0
08/02/2019 06:05:00,EDT,Natural Gas,2920.0
08/02/2019 06:05:00,EDT,Nuclear,5231.0
08/02/2019 06:05:00,EDT,Other Fossil Fuels,50.0
08/02/2019 06:05:00,EDT,Other Renewables,261.0
08/02/2019 06:05:00,EDT,Wind,62.0
08/02/2019 06:05:00,EDT,Hydro,2731.0
08/02/2019 06:10:00,EDT,Dual Fuel,3687.0
08/02/2019 06:10:00,EDT,Natural Gas,2992.0
08/02/2019 06:10:00,EDT,Nuclear,5231.0
08/02/2019 06:10:00,EDT,Other Fossil Fuels,50.0
08/02/2019 06:10:00,EDT,Other Renewables,258.0
08/02/2019 06:10:00,EDT,Wind,60.0
08/02/2019 06:10:00,EDT,Hydro,2790.0
08/02/2019 06:15:00,EDT,Dual Fuel,3738.0
08/02/2019 06:15:00,EDT,Natural Gas,3064.0
08/02/2019 06:15:00,EDT,Nuclear,5231.0
08/02/2019 06:15:00,EDT,Other Fossil Fuels,50.0
08/02/2019 06:15:00,EDT,Other Renewables,265.0
08/02/2019 06:15:00,EDT,Wind,66.0
08/02/2019 06:15:00,EDT,Hydro,2816.0
08/02/2019 06:20:00,EDT,Dual Fuel,3752.0
08/02/2019 06:20:00,EDT,Natural Gas,3069.0
08/02/2019 06:20:00,EDT,Nuclear,5232.0
08/02/2019 06:20:00,EDT,Other Fossil Fuels,51.0
08/02/2019 06:20:00,EDT,Other Renewables,265.0
08/02/2019 06:20:00,EDT,Wind,68.0
08/02/2019 06:20:00,EDT,Hydro,2784.0
08/02/2019 06:25:00,EDT,Dual Fuel,3772.0
08/02/2019 06:25:00,EDT,Natural Gas,3117.0
08/02/2019 06:25:00,EDT,Nuclear,5231.0
08/02/2019 06:25:00,EDT,Other Fossil Fuels,50.0
08/02/2019 06:25:00,EDT,Other Renewables,263.0
08/02/2019 06:25:00,EDT,Wind,69.0
08/02/2019 06:25:00,EDT,Hydro,2800.0
08/02/2019 06:30:00,EDT,Dual Fuel,3812.0
08/02/2019 06:30:00,EDT,Natural Gas,3154.0
08/02/2019 06:30:00,EDT,Nuclear,5233.0
08/02/2019 06:30:00,EDT,Other Fossil Fuels,50.0
08/02/2019 06:30:00,EDT,Other Renewables,264.0
08/02/2019 06:30:00,EDT,Wind,69.0
08/02/2019 06:30:00,EDT,Hydro,2805.0
08/02/2019 06:35:00,EDT,Dual Fuel,3835.0
08/02/2019 06:35:00,EDT,Natural Gas,3191.0
08/02/2019 06:35:00,EDT,Nuclear,5233.0
08/02/2019 06:35:00,EDT,Other Fossil Fuels,50.0
08/02/2019 06:35:00,EDT,Other Renewables,263.0
08/02/2019 06:35:00,EDT,Wind,75.0
08/02/2019 06:35:00,EDT,Hydro,2779.0
08/02/2019 06:40:00,EDT,Dual Fuel,3834.0
08/02/2019 06:40:00,EDT,Natural Gas,3265.0
08/02/2019 06:40:00,EDT,Nuclear,5232.0
08/02/2019 06:40:00,EDT,Other Fossil Fuels,51.0
08/02/2019 06:40:00,EDT,Other Renewables,264.0
08/02/2019 06:40:00,EDT,Wind,83.0
08/02/2019 06:40:00,EDT,Hydro,2762.0
08/02/2019 06:45:00,EDT,Dual Fuel,3872.0
08/02/2019 06:45:00,EDT,Natural Gas,3378.0
08/02/2019 06:45:00,EDT,Nuclear,5233.0
08/02/2019 06:45:00,EDT,Other Fossil Fuels,51.0
08/02/2019 06:45:00,EDT,Other Renewables,261.0
08/02/2019 06:45:00,EDT,Wind,87.0
08/02/2019 06:45:00,EDT,Hydro,2784.0
08/02/2019 06:50:00,EDT,Dual Fuel,3899.0
08/02/2019 06:50:00,EDT,Natural Gas,3525.0
08/02/2019 06:50:00,EDT,Nuclear,5232.0
08/02/2019 06:50:00,EDT,Other Fossil Fuels,50.0
08/02/2019 06:50:00,EDT,Other Renewables,266.0
08/02/2019 06:50:00,EDT,Wind,89.0
08/02/2019 06:50:00,EDT,Hydro,2768.0
08/02/2019 06:55:00,EDT,Dual Fuel,3898.0
08/02/2019 06:55:00,EDT,Natural Gas,3645.0
08/02/2019 06:55:00,EDT,Nuclear,5234.0
08/02/2019 06:55:00,EDT,Other Fossil Fuels,50.0
08/02/2019 06:55:00,EDT,Other Renewables,266.0
08/02/2019 06:55:00,EDT,Wind,93.0
08/02/2019 06:55:00,EDT,Hydro,2776.0
08/02/2019 07:00:00,EDT,Dual Fuel,3898.0
08/02/2019 07:00:00,EDT,Natural Gas,3667.0
08/02/2019 07:00:00,EDT,Nuclear,5233.0
08/02/2019 07:00:00,EDT,Other Fossil Fuels,50.0
08/02/2019 07:00:00,EDT,Other Renewables,263.0
08/02/2019 07:00:00,EDT,Wind,97.0
08/02/2019 07:00:00,EDT,Hydro,2841.0
08/02/2019 07:05:00,EDT,Dual Fuel,3910.0
08/02/2019 07:05:00,EDT,Natural Gas,3648.0
08/02/2019 07:05:00,EDT,Nuclear,5233.0
08/02/2019 07:05:00,EDT,Other Fossil Fuels,50.0
08/02/2019 07:05:00,EDT,Other Renewables,267.0
08/02/2019 07:05:00,EDT,Wind,100.0
08/02/2019 07:05:00,EDT,Hydro,2964.0
08/02/2019 07:10:00,EDT,Dual Fuel,3983.0
08/02/2019 07:10:00,EDT,Natural Gas,3728.0
08/02/2019 07:10:00,EDT,Nuclear,5233.0
08/02/2019 07:10:00,EDT,Other Fossil Fuels,51.0
08/02/2019 07:10:00,EDT,Other Renewables,264.0
08/02/2019 07:10:00,EDT,Wind,105.0
08/02/2019 07:10:00,EDT,Hydro,2970.0
08/02/2019 07:15:00,EDT,Dual Fuel,4069.0
08/02/2019 07:15:00,EDT,Natural Gas,3781.0
08/02/2019 07:15:00,EDT,Nuclear,5233.0
08/02/2019 07:15:00,EDT,Other Fossil Fuels,50.0
08/02/2019 07:15:00,EDT,Other Renewables,261.0
08/02/2019 07:15:00,EDT,Wind,109.0
08/02/2019 07:15:00,EDT,Hydro,2964.0
08/02/2019 07:20:00,EDT,Dual Fuel,4031.0
08/02/2019 07:20:00,EDT,Natural Gas,3799.0
08/02/2019 07:20:00,EDT,Nuclear,5233.0
08/02/2019 07:20:00,EDT,Other Fossil Fuels,50.0
08/02/2019 07:20:00,EDT,Other Renewables,260.0
08/02/2019 07:20:00,EDT,Wind,106.0
08/02/2019 07:20:00,EDT,Hydro,3049.0
08/02/2019 07:25:00,EDT,Dual Fuel,4109.0
08/02/2019 07:25:00,EDT,Natural Gas,3821.0
08/02/2019 07:25:00,EDT,Nuclear,5234.0
08/02/2019 07:25:00,EDT,Other Fossil Fuels,51.0
08/02/2019 07:25:00,EDT,Other Renewables,260.0
08/02/2019 07:25:00,EDT,Wind,99.0
08/02/2019 07:25:00,EDT,Hydro,3046.0
08/02/2019 07:30:00,EDT,Dual Fuel,4223.0
08/02/2019 07:30:00,EDT,Natural Gas,3800.0
08/02/2019 07:30:00,EDT,Nuclear,5235.0
08/02/2019 07:30:00,EDT,Other Fossil Fuels,50.0
08/02/2019 07:30:00,EDT,Other Renewables,259.0
08/02/2019 07:30:00,EDT,Wind,94.0
08/02/2019 07:30:00,EDT,Hydro,3062.0
08/02/2019 07:35:00,EDT,Dual Fuel,4302.0
08/02/2019 07:35:00,EDT,Natural Gas,3790.0
08/02/2019 07:35:00,EDT,Nuclear,5236.0
08/02/2019 07:35:00,EDT,Other Fossil Fuels,51.0
08/02/2019 07:35:00,EDT,Other Renewables,261.0
08/02/2019 07:35:00,EDT,Wind,85.0
08/02/2019 07:35:00,EDT,Hydro,3084.0
08/02/2019 07:40:00,EDT,Dual Fuel,4349.0
08/02/2019 07:40:00,EDT,Natural Gas,3805.0
08/02/2019 07:40:00,EDT,Nuclear,5235.0
08/02/2019 07:40:00,EDT,Other Fossil Fuels,51.0
08/02/2019 07:40:00,EDT,Other Renewables,265.0
08/02/2019 07:40:00,EDT,Wind,78.0
08/02/2019 07:40:00,EDT,Hydro,3136.0
08/02/2019 07:45:00,EDT,Dual Fuel,4375.0
08/02/2019 07:45:00,EDT,Natural Gas,3802.0
08/02/2019 07:45:00,EDT,Nuclear,5235.0
08/02/2019 07:45:00,EDT,Other Fossil Fuels,55.0
08/02/2019 07:45:00,EDT,Other Renewables,262.0
08/02/2019 07:45:00,EDT,Wind,76.0
08/02/2019 07:45:00,EDT,Hydro,3162.0
08/02/2019 07:50:00,EDT,Dual Fuel,4407.0
08/02/2019 07:50:00,EDT,Natural Gas,3816.0
08/02/2019 07:50:00,EDT,Nuclear,5234.0
08/02/2019 07:50:00,EDT,Other Fossil Fuels,62.0
08/02/2019 07:50:00,EDT,Other Renewables,266.0
08/02/2019 07:50:00,EDT,Wind,77.0
08/02/2019 07:50:00,EDT,Hydro,3126.0
08/02/2019 07:55:00,EDT,Dual Fuel,4473.0
08/02/2019 07:55:00,EDT,Natural Gas,3797.0
08/02/2019 07:55:00,EDT,Nuclear,5231.0
08/02/2019 07:55:00,EDT,Other Fossil Fuels,62.0
08/02/2019 07:55:00,EDT,Other Renewables,262.0
08/02/2019 07:55:00,EDT,Wind,78.0
08/02/2019 07:55:00,EDT,Hydro,3087.0
08/02/2019 08:00:00,EDT,Dual Fuel,4473.0
08/02/2019 08:00:00,EDT,Natural Gas,3749.0
08/02/2019 08:00:00,EDT,Nuclear,5232.0
08/02/2019 08:00:00,EDT,Other Fossil Fuels,68.0
08/02/2019 08:00:00,EDT,Other Renewables,269.0
08/02/2019 08:00:00,EDT,Wind,80.0
08/02/2019 08:00:00,EDT,Hydro,3145.0
08/02/2019 08:05:00,EDT,Dual Fuel,4515.0
08/02/2019 08:05:00,EDT,Natural Gas,3762.0
08/02/2019 08:05:00,EDT,Nuclear,5232.0
08/02/2019 08:05:00,EDT,Other Fossil Fuels,69.0
08/02/2019 08:05:00,EDT,Other Renewables,271.0
08/02/2019 08:05:00,EDT,Wind,77.0
08/02/2019 08:05:00,EDT,Hydro,3171.0
08/02/2019 08:10:00,EDT,Dual Fuel,4551.0
08/02/2019 08:10:00,EDT,Natural Gas,3799.0
08/02/2019 08:10:00,EDT,Nuclear,5232.0
08/02/2019 08:10:00,EDT,Other Fossil Fuels,69.0
08/02/2019 08:10:00,EDT,Other Renewables,270.0
08/02/2019 08:10:00,EDT,Wind,69.0
08/02/2019 08:10:00,EDT,Hydro,3211.0
08/02/2019 08:15:00,EDT,Dual Fuel,4583.0
08/02/2019 08:15:00,EDT,Natural Gas,3867.0
08/02/2019 08:15:00,EDT,Nuclear,5233.0
08/02/2019 08:15:00,EDT,Other Fossil Fuels,69.0
08/02/2019 08:15:00,EDT,Other Renewables,273.0
08/02/2019 08:15:00,EDT,Wind,62.0
08/02/2019 08:15:00,EDT,Hydro,3186.0
08/02/2019 08:20:00,EDT,Dual Fuel,4584.0
08/02/2019 08:20:00,EDT,Natural Gas,3806.0
08/02/2019 08:20:00,EDT,Nuclear,5232.0
08/02/2019 08:20:00,EDT,Other Fossil Fuels,69.0
08/02/2019 08:20:00,EDT,Other Renewables,272.0
08/02/2019 08:20:00,EDT,Wind,57.0
08/02/2019 08:20:00,EDT,Hydro,3186.0
08/02/2019 08:25:00,EDT,Dual Fuel,4611.0
08/02/2019 08:25:00,EDT,Natural Gas,3822.0
08/02/2019 08:25:00,EDT,Nuclear,5232.0
08/02/2019 08:25:00,EDT,Other Fossil Fuels,69.0
08/02/2019 08:25:00,EDT,Other Renewables,275.0
08/02/2019 08:25:00,EDT,Wind,52.0
08/02/2019 08:25:00,EDT,Hydro,3165.0
08/02/2019 08:30:00,EDT,Dual Fuel,4633.0
08/02/2019 08:30:00,EDT,Natural Gas,3823.0
08/02/2019 08:30:00,EDT,Nuclear,5232.0
08/02/2019 08:30:00,EDT,Other Fossil Fuels,69.0
08/02/2019 08:30:00,EDT,Other Renewables,270.0
08/02/2019 08:30:00,EDT,Wind,46.0
08/02/2019 08:30:00,EDT,Hydro,3149.0
08/02/2019 08:35:00,EDT,Dual Fuel,4700.0
08/02/2019 08:35:00,EDT,Natural Gas,3901.0
08/02/2019 08:35:00,EDT,Nuclear,5231.0
08/02/2019 08:35:00,EDT,Other Fossil Fuels,69.0
08/02/2019 08:35:00,EDT,Other Renewables,275.0
08/02/2019 08:35:00,EDT,Wind,41.0
08/02/2019 08:35:00,EDT,Hydro,3148.0
08/02/2019 08:40:00,EDT,Dual Fuel,4748.0
08/02/2019 08:40:00,EDT,Natural Gas,3932.0
08/02/2019 08:40:00,EDT,Nuclear,5232.0
08/02/2019 08:40:00,EDT,Other Fossil Fuels,69.0
08/02/2019 08:40:00,EDT,Other Renewables,275.0
08/02/2019 08:40:00,EDT,Wind,37.0
08/02/2019 08:40:00,EDT,Hydro,3230.0
08/02/2019 08:45:00,EDT,Dual Fuel,4746.0
08/02/2019 08:45:00,EDT,Natural Gas,3913.0
08/02/2019 08:45:00,EDT,Nuclear,5232.0
08/02/2019 08:45:00,EDT,Other Fossil Fuels,69.0
08/02/2019 08:45:00,EDT,Other Renewables,277.0
08/02/2019 08:45:00,EDT,Wind,33.0
08/02/2019 08:45:00,EDT,Hydro,3235.0
08/02/2019 08:50:00,EDT,Dual Fuel,4766.0
08/02/2019 08:50:00,EDT,Natural Gas,3918.0
08/02/2019 08:50:00,EDT,Nuclear,5233.0
08/02/2019 08:50:00,EDT,Other Fossil Fuels,67.0
08/02/2019 08:50:00,EDT,Other Renewables,274.0
08/02/2019 08:50:00,EDT,Wind,30.0
08/02/2019 08:50:00,EDT,Hydro,3258.0
08/02/2019 08:55:00,EDT,Dual Fuel,4793.0
08/02/2019 08:55:00,EDT,Natural Gas,3957.0
08/02/2019 08:55:00,EDT,Nuclear,5230.0
08/02/2019 08:55:00,EDT,Other Fossil Fuels,69.0
08/02/2019 08:55:00,EDT,Other Renewables,276.0
08/02/2019 08:55:00,EDT,Wind,27.0
08/02/2019 08:55:00,EDT,Hydro,3266.0
08/02/2019 09:00:00,EDT,Dual Fuel,4795.0
08/02/2019 09:00:00,EDT,Natural Gas,3907.0
08/02/2019 09:00:00,EDT,Nuclear,5232.0
08/02/2019 09:00:00,EDT,Other Fossil Fuels,70.0
08/02/2019 09:00:00,EDT,Other Renewables,276.0
08/02/2019 09:00:00,EDT,Wind,24.0
08/02/2019 09:00:00,EDT,Hydro,3242.0
08/02/2019 09:05:00,EDT,Dual Fuel,4786.0
08/02/2019 09:05:00,EDT,Natural Gas,3906.0
08/02/2019 09:05:00,EDT,Nuclear,5229.0
08/02/2019 09:05:00,EDT,Other Fossil Fuels,69.0
08/02/2019 09:05:00,EDT,Other Renewables,275.0
08/02/2019 09:05:00,EDT,Wind,22.0
08/02/2019 09:05:00,EDT,Hydro,3143.0
08/02/2019 09:10:00,EDT,Dual Fuel,4778.0
08/02/2019 09:10:00,EDT,Natural Gas,3857.0
08/02/2019 09:10:00,EDT,Nuclear,5231.0
08/02/2019 09:10:00,EDT,Other Fossil Fuels,67.0
08/02/2019 09:10:00,EDT,Other Renewables,277.0
08/02/2019 09:10:00,EDT,Wind,19.0
08/02/2019 09:10:00,EDT,Hydro,3104.0
08/02/2019 09:15:00,EDT,Dual Fuel,4810.0
08/02/2019 09:15:00,EDT,Natural Gas,3864.0
08/02/2019 09:15:00,EDT,Nuclear,5230.0
08/02/2019 09:15:00,EDT,Other Fossil Fuels,62.0
08/02/2019 09:15:00,EDT,Other Renewables,280.0
08/02/2019 09:15:00,EDT,Wind,18.0
08/02/2019 09:15:00,EDT,Hydro,3142.0
08/02/2019 09:20:00,EDT,Dual Fuel,4860.0
08/02/2019 09:20:00,EDT,Natural Gas,3881.0
08/02/2019 09:20:00,EDT,Nuclear,5230.0
08/02/2019 09:20:00,EDT,Other Fossil Fuels,50.0
08/02/2019 09:20:00,EDT,Other Renewables,278.0
08/02/2019 09:20:00,EDT,Wind,18.0
08/02/2019 09:20:00,EDT,Hydro,3164.0
08/02/2019 09:25:00,EDT,Dual Fuel,4883.0
08/02/2019 09:25:00,EDT,Natural Gas,3888.0
08/02/2019 09:25:00,EDT,Nuclear,5232.0
08/02/2019 09:25:00,EDT,Other Fossil Fuels,51.0
08/02/2019 09:25:00,EDT,Other Renewables,276.0
08/02/2019 09:25:00,EDT,Wind,16.0
08/02/2019 09:25:00,EDT,Hydro,3204.0
08/02/2019 09:30:00,EDT,Dual Fuel,4891.0
08/02/2019 09:30:00,EDT,Natural Gas,3926.0
08/02/2019 09:30:00,EDT,Nuclear,5231.0
08/02/2019 09:30:00,EDT,Other Fossil Fuels,51.0
08/02/2019 09:30:00,EDT,Other Renewables,271.0
08/02/2019 09:30:00,EDT,Wind,15.0
08/02/2019 09:30:00,EDT,Hydro,3208.0
08/02/2019 09:35:00,EDT,Dual Fuel,4927.0
08/02/2019 09:35:00,EDT,Natural Gas,3972.0
08/02/2019 09:35:00,EDT,Nuclear,5230.0
08/02/2019 09:35:00,EDT,Other Fossil Fuels,50.0
08/02/2019 09:35:00,EDT,Other Renewables,271.0
08/02/2019 09:35:00,EDT,Wind,14.0
08/02/2019 09:35:00,EDT,Hydro,3153.0
08/02/2019 09:40:00,EDT,Dual Fuel,4943.0
08/02/2019 09:40:00,EDT,Natural Gas,3936.0
08/02/2019 09:40:00,EDT,Nuclear,5232.0
08/02/2019 09:40:00,EDT,Other Fossil Fuels,51.0
08/02/2019 09:40:00,EDT,Other Renewables,277.0
08/02/2019 09:40:00,EDT,Wind,13.0
08/02/2019 09:40:00,EDT,Hydro,3143.0
08/02/2019 09:45:00,EDT,Dual Fuel,4962.0
08/02/2019 09:45:00,EDT,Natural Gas,3964.0
08/02/2019 09:45:00,EDT,Nuclear,5232.0
08/02/2019 09:45:00,EDT,Other Fossil Fuels,51.0
08/02/2019 09:45:00,EDT,Other Renewables,273.0
08/02/2019 09:45:00,EDT,Wind,14.0
08/02/2019 09:45:00,EDT,Hydro,3165.0
08/02/2019 09:50:00,EDT,Dual Fuel,4996.0
08/02/2019 09:50:00,EDT,Natural Gas,3999.0
08/02/2019 09:50:00,EDT,Nuclear,5230.0
08/02/2019 09:50:00,EDT,Other Fossil Fuels,61.0
08/02/2019 09:50:00,EDT,Other Renewables,276.0
08/02/2019 09:50:00,EDT,Wind,15.0
08/02/2019 09:50:00,EDT,Hydro,3188.0
08/02/2019 09:55:00,EDT,Dual Fuel,5055.0
08/02/2019 09:55:00,EDT,Natural Gas,4025.0
08/02/2019 09:55:00,EDT,Nuclear,5230.0
08/02/2019 09:55:00,EDT,Other Fossil Fuels,69.0
08/02/2019 09:55:00,EDT,Other Renewables,272.0
08/02/2019 09:55:00,EDT,Wind,15.0
08/02/2019 09:55:00,EDT,Hydro,3199.0
08/02/2019 09:59:27,EDT,Dual Fuel,5158.0
08/02/2019 09:59:27,EDT,Natural Gas,4008.0
08/02/2019 09:59:27,EDT,Nuclear,5232.0
08/02/2019 09:59:27,EDT,Other Fossil Fuels,82.0
08/02/2019 09:59:27,EDT,Other Renewables,274.0
08/02/2019 09:59:27,EDT,Wind,14.0
08/02/2019 09:59:27,EDT,Hydro,3205.0
08/02/2019 10:00:00,EDT,Dual Fuel,5206.0
08/02/2019 10:00:00,EDT,Natural Gas,4019.0
08/02/2019 10:00:00,EDT,Nuclear,5231.0
08/02/2019 10:00:00,EDT,Other Fossil Fuels,85.0
08/02/2019 10:00:00,EDT,Other Renewables,273.0
08/02/2019 10:00:00,EDT,Wind,14.0
08/02/2019 10:00:00,EDT,Hydro,3217.0
08/02/2019 10:01:33,EDT,Dual Fuel,5218.0
08/02/2019 10:01:33,EDT,Natural Gas,4055.0
08/02/2019 10:01:33,EDT,Nuclear,5232.0
08/02/2019 10:01:33,EDT,Other Fossil Fuels,85.0
08/02/2019 10:01:33,EDT,Other Renewables,272.0
08/02/2019 10:01:33,EDT,Wind,14.0
08/02/2019 10:01:33,EDT,Hydro,3219.0
08/02/2019 10:05:00,EDT,Dual Fuel,5266.0
08/02/2019 10:05:00,EDT,Natural Gas,4111.0
08/02/2019 10:05:00,EDT,Nuclear,5231.0
08/02/2019 10:05:00,EDT,Other Fossil Fuels,85.0
08/02/2019 10:05:00,EDT,Other Renewables,275.0
08/02/2019 10:05:00,EDT,Wind,14.0
08/02/2019 10:05:00,EDT,Hydro,3231.0
08/02/2019 10:10:00,EDT,Dual Fuel,5386.0
08/02/2019 10:10:00,EDT,Natural Gas,4140.0
08/02/2019 10:10:00,EDT,Nuclear,5229.0
08/02/2019 10:10:00,EDT,Other Fossil Fuels,85.0
08/02/2019 10:10:00,EDT,Other Renewables,270.0
08/02/2019 10:10:00,EDT,Wind,15.0
08/02/2019 10:10:00,EDT,Hydro,3229.0
08/02/2019 10:15:00,EDT,Dual Fuel,5562.0
08/02/2019 10:15:00,EDT,Natural Gas,4134.0
08/02/2019 10:15:00,EDT,Nuclear,5230.0
08/02/2019 10:15:00,EDT,Other Fossil Fuels,85.0
08/02/2019 10:15:00,EDT,Other Renewables,270.0
08/02/2019 10:15:00,EDT,Wind,15.0
08/02/2019 10:15:00,EDT,Hydro,3191.0
08/02/2019 10:20:00,EDT,Dual Fuel,5794.0
08/02/2019 10:20:00,EDT,Natural Gas,4179.0
08/02/2019 10:20:00,EDT,Nuclear,5228.0
08/02/2019 10:20:00,EDT,Other Fossil Fuels,85.0
08/02/2019 10:20:00,EDT,Other Renewables,274.0
08/02/2019 10:20:00,EDT,Wind,18.0
08/02/2019 10:20:00,EDT,Hydro,3037.0
08/02/2019 10:25:00,EDT,Dual Fuel,6029.0
08/02/2019 10:25:00,EDT,Natural Gas,4213.0
08/02/2019 10:25:00,EDT,Nuclear,5226.0
08/02/2019 10:25:00,EDT,Other Fossil Fuels,85.0
08/02/2019 10:25:00,EDT,Other Renewables,276.0
08/02/2019 10:25:00,EDT,Wind,20.0
08/02/2019 10:25:00,EDT,Hydro,3003.0
08/02/2019 10:30:00,EDT,Dual Fuel,6096.0
08/02/2019 10:30:00,EDT,Natural Gas,4145.0
08/02/2019 10:30:00,EDT,Nuclear,5225.0
08/02/2019 10:30:00,EDT,Other Fossil Fuels,99.0
08/02/2019 10:30:00,EDT,Other Renewables,275.0
08/02/2019 10:30:00,EDT,Wind,20.0
08/02/2019 10:30:00,EDT,Hydro,3099.0
08/02/2019 10:35:00,EDT,Dual Fuel,6053.0
08/02/2019 10:35:00,EDT,Natural Gas,4020.0
08/02/2019 10:35:00,EDT,Nuclear,5222.0
08/02/2019 10:35:00,EDT,Other Fossil Fuels,100.0
08/02/2019 10:35:00,EDT,Other Renewables,271.0
08/02/2019 10:35:00,EDT,Wind,19.0
08/02/2019 10:35:00,EDT,Hydro,3143.0
08/02/2019 10:40:00,EDT,Dual Fuel,5991.0
08/02/2019 10:40:00,EDT,Natural Gas,3989.0
08/02/2019 10:40:00,EDT,Nuclear,5220.0
08/02/2019 10:40:00,EDT,Other Fossil Fuels,98.0
08/02/2019 10:40:00,EDT,Other Renewables,272.0
08/02/2019 10:40:00,EDT,Wind,22.0
08/02/2019 10:40:00,EDT,Hydro,3142.0
08/02/2019 10:45:00,EDT,Dual Fuel,5973.0
08/02/2019 10:45:00,EDT,Natural Gas,4006.0
08/02/2019 10:45:00,EDT,Nuclear,5219.0
08/02/2019 10:45:00,EDT,Other Fossil Fuels,88.0
08/02/2019 10:45:00,EDT,Other Renewables,277.0
08/02/2019 10:45:00,EDT,Wind,23.0
08/02/2019 10:45:00,EDT,Hydro,3172.0
08/02/2019 10:50:00,EDT,Dual Fuel,5982.0
08/02/2019 10:50:00,EDT,Natural Gas,4049.0
08/02/2019 10:50:00,EDT,Nuclear,5217.0
08/02/2019 10:50:00,EDT,Other Fossil Fuels,81.0
08/02/2019 10:50:00,EDT,Other Renewables,276.0
08/02/2019 10:50:00,EDT,Wind,26.0
08/02/2019 10:50:00,EDT,Hydro,3170.0
08/02/2019 10:55:00,EDT,Dual Fuel,5981.0
08/02/2019 10:55:00,EDT,Natural Gas,4117.0
08/02/2019 10:55:00,EDT,Nuclear,5217.0
08/02/2019 10:55:00,EDT,Other Fossil Fuels,81.0
08/02/2019 10:55:00,EDT,Other Renewables,275.0
08/02/2019 10:55:00,EDT,Wind,27.0
08/02/2019 10:55:00,EDT,Hydro,3166.0
08/02/2019 11:00:00,EDT,Dual Fuel,6023.0
08/02/2019 11:00:00,EDT,Natural Gas,4148.0
08/02/2019 11:00:00,EDT,Nuclear,5217.0
08/02/2019 11:00:00,EDT,Other Fossil Fuels,82.0
08/02/2019 11:00:00,EDT,Other Renewables,274.0
08/02/2019 11:00:00,EDT,Wind,24.0
08/02/2019 11:00:00,EDT,Hydro,3173.0
08/02/2019 11:05:00,EDT,Dual Fuel,6154.0
08/02/2019 11:05:00,EDT,Natural Gas,4163.0
08/02/2019 11:05:00,EDT,Nuclear,5218.0
08/02/2019 11:05:00,EDT,Other Fossil Fuels,81.0
08/02/2019 11:05:00,EDT,Other Renewables,277.0
08/02/2019 11:05:00,EDT,Wind,22.0
08/02/2019 11:05:00,EDT,Hydro,3138.0
08/02/2019 11:10:00,EDT,Dual Fuel,6286.0
08/02/2019 11:10:00,EDT,Natural Gas,4195.0
08/02/2019 11:10:00,EDT,Nuclear,5217.0
08/02/2019 11:10:00,EDT,Other Fossil Fuels,82.0
08/02/2019 11:10:00,EDT,Other Renewables,280.0
08/02/2019 11:10:00,EDT,Wind,20.0
08/02/2019 11:10:00,EDT,Hydro,3110.0
08/02/2019 11:15:00,EDT,Dual Fuel,6280.0
08/02/2019 11:15:00,EDT,Natural Gas,4194.0
08/02/2019 11:15:00,EDT,Nuclear,5214.0
08/02/2019 11:15:00,EDT,Other Fossil Fuels,78.0
08/02/2019 11:15:00,EDT,Other Renewables,281.0
08/02/2019 11:15:00,EDT,Wind,19.0
08/02/2019 11:15:00,EDT,Hydro,3215.0
08/02/2019 11:20:00,EDT,Dual Fuel,6253.0
08/02/2019 11:20:00,EDT,Natural Gas,4191.0
08/02/2019 11:20:00,EDT,Nuclear,5214.0
08/02/2019 11:20:00,EDT,Other Fossil Fuels,70.0
08/02/2019 11:20:00,EDT,Other Renewables,272.0
08/02/2019 11:20:00,EDT,Wind,19.0
08/02/2019 11:20:00,EDT,Hydro,3234.0
08/02/2019 11:25:00,EDT,Dual Fuel,6265.0
08/02/2019 11:25:00,EDT,Natural Gas,4190.0
08/02/2019 11:25:00,EDT,Nuclear,5212.0
08/02/2019 11:25:00,EDT,Other Fossil Fuels,67.0
08/02/2019 11:25:00,EDT,Other Renewables,273.0
08/02/2019 11:25:00,EDT,Wind,17.0
08/02/2019 11:25:00,EDT,Hydro,3240.0
08/02/2019 11:30:00,EDT,Dual Fuel,6293.0
08/02/2019 11:30:00,EDT,Natural Gas,4184.0
08/02/2019 11:30:00,EDT,Nuclear,5211.0
08/02/2019 11:30:00,EDT,Other Fossil Fuels,67.0
08/02/2019 11:30:00,EDT,Other Renewables,273.0
08/02/2019 11:30:00,EDT,Wind,16.0
08/02/2019 11:30:00,EDT,Hydro,3276.0
08/02/2019 11:35:00,EDT,Dual Fuel,6367.0
08/02/2019 11:35:00,EDT,Natural Gas,4177.0
08/02/2019 11:35:00,EDT,Nuclear,5209.0
08/02/2019 11:35:00,EDT,Other Fossil Fuels,67.0
08/02/2019 11:35:00,EDT,Other Renewables,278.0
08/02/2019 11:35:00,EDT,Wind,17.0
08/02/2019 11:35:00,EDT,Hydro,3305.0
08/02/2019 11:40:00,EDT,Dual Fuel,6409.0
08/02/2019 11:40:00,EDT,Natural Gas,4182.0
08/02/2019 11:40:00,EDT,Nuclear,5209.0
08/02/2019 11:40:00,EDT,Other Fossil Fuels,67.0
08/02/2019 11:40:00,EDT,Other Renewables,281.0
08/02/2019 11:40:00,EDT,Wind,15.0
08/02/2019 11:40:00,EDT,Hydro,3327.0
08/02/2019 11:45:00,EDT,Dual Fuel,6455.0
08/02/2019 11:45:00,EDT,Natural Gas,4190.0
08/02/2019 11:45:00,EDT,Nuclear,5212.0
08/02/2019 11:45:00,EDT,Other Fossil Fuels,67.0
08/02/2019 11:45:00,EDT,Other Renewables,278.0
08/02/2019 11:45:00,EDT,Wind,16.0
08/02/2019 11:45:00,EDT,Hydro,3320.0
08/02/2019 11:50:00,EDT,Dual Fuel,6510.0
08/02/2019 11:50:00,EDT,Natural Gas,4214.0
08/02/2019 11:50:00,EDT,Nuclear,5214.0
08/02/2019 11:50:00,EDT,Other Fossil Fuels,75.0
08/02/2019 11:50:00,EDT,Other Renewables,274.0
08/02/2019 11:50:00,EDT,Wind,13.0
08/02/2019 11:50:00,EDT,Hydro,3311.0
08/02/2019 11:55:00,EDT,Dual Fuel,6566.0
08/02/2019 11:55:00,EDT,Natural Gas,4260.0
08/02/2019 11:55:00,EDT,Nuclear,5214.0
08/02/2019 11:55:00,EDT,Other Fossil Fuels,86.0
08/02/2019 11:55:00,EDT,Other Renewables,275.0
08/02/2019 11:55:00,EDT,Wind,11.0
08/02/2019 11:55:00,EDT,Hydro,3327.0
08/02/2019 12:00:00,EDT,Dual Fuel,6524.0
08/02/2019 12:00:00,EDT,Natural Gas,4279.0
08/02/2019 12:00:00,EDT,Nuclear,5215.0
08/02/2019 12:00:00,EDT,Other Fossil Fuels,88.0
08/02/2019 12:00:00,EDT,Other Renewables,277.0
08/02/2019 12:00:00,EDT,Wind,11.0
08/02/2019 12:00:00,EDT,Hydro,3322.0
08/02/2019 12:05:00,EDT,Dual Fuel,6425.0
08/02/2019 12:05:00,EDT,Natural Gas,4284.0
08/02/2019 12:05:00,EDT,Nuclear,5217.0
08/02/2019 12:05:00,EDT,Other Fossil Fuels,89.0
08/02/2019 12:05:00,EDT,Other Renewables,279.0
08/02/2019 12:05:00,EDT,Wind,9.0
08/02/2019 12:05:00,EDT,Hydro,3283.0
08/02/2019 12:10:00,EDT,Dual Fuel,6386.0
08/02/2019 12:10:00,EDT,Natural Gas,4274.0
08/02/2019 12:10:00,EDT,Nuclear,5218.0
08/02/2019 12:10:00,EDT,Other Fossil Fuels,89.0
08/02/2019 12:10:00,EDT,Other Renewables,278.0
08/02/2019 12:10:00,EDT,Wind,7.0
08/02/2019 12:10:00,EDT,Hydro,3252.0
08/02/2019 12:15:00,EDT,Dual Fuel,6392.0
08/02/2019 12:15:00,EDT,Natural Gas,4267.0
08/02/2019 12:15:00,EDT,Nuclear,5216.0
08/02/2019 12:15:00,EDT,Other Fossil Fuels,89.0
08/02/2019 12:15:00,EDT,Other Renewables,279.0
08/02/2019 12:15:00,EDT,Wind,6.0
08/02/2019 12:15:00,EDT,Hydro,3291.0
08/02/2019 12:20:00,EDT,Dual Fuel,6444.0
08/02/2019 12:20:00,EDT,Natural Gas,4257.0
08/02/2019 12:20:00,EDT,Nuclear,5218.0
08/02/2019 12:20:00,EDT,Other Fossil Fuels,88.0
08/02/2019 12:20:00,EDT,Other Renewables,280.0
08/02/2019 12:20:00,EDT,Wind,5.0
08/02/2019 12:20:00,EDT,Hydro,3311.0
08/02/2019 12:22:51,EDT,Dual Fuel,6458.0
08/02/2019 12:22:51,EDT,Natural Gas,4253.0
08/02/2019 12:22:51,EDT,Nuclear,5218.0
08/02/2019 12:22:51,EDT,Other Fossil Fuels,88.0
08/02/2019 12:22:51,EDT,Other Renewables,277.0
08/02/2019 12:22:51,EDT,Wind,4.0
08/02/2019 12:22:51,EDT,Hydro,3326.0
08/02/2019 12:25:00,EDT,Dual Fuel,6469.0
08/02/2019 12:25:00,EDT,Natural Gas,4252.0
08/02/2019 12:25:00,EDT,Nuclear,5217.0
08/02/2019 12:25:00,EDT,Other Fossil Fuels,89.0
08/02/2019 12:25:00,EDT,Other Renewables,276.0
08/02/2019 12:25:00,EDT,Wind,5.0
08/02/2019 12:25:00,EDT,Hydro,3328.0
08/02/2019 12:25:21,EDT,Dual Fuel,6477.0
08/02/2019 12:25:21,EDT,Natural Gas,4251.0
08/02/2019 12:25:21,EDT,Nuclear,5216.0
08/02/2019 12:25:21,EDT,Other Fossil Fuels,88.0
08/02/2019 12:25:21,EDT,Other Renewables,278.0
08/02/2019 12:25:21,EDT,Wind,4.0
08/02/2019 12:25:21,EDT,Hydro,3326.0
08/02/2019 12:30:00,EDT,Dual Fuel,6527.0
08/02/2019 12:30:00,EDT,Natural Gas,4263.0
08/02/2019 12:30:00,EDT,Nuclear,5218.0
08/02/2019 12:30:00,EDT,Other Fossil Fuels,89.0
08/02/2019 12:30:00,EDT,Other Renewables,280.0
08/02/2019 12:30:00,EDT,Wind,4.0
08/02/2019 12:30:00,EDT,Hydro,3296.0
08/02/2019 12:35:00,EDT,Dual Fuel,6673.0
08/02/2019 12:35:00,EDT,Natural Gas,4295.0
08/02/2019 12:35:00,EDT,Nuclear,5217.0
08/02/2019 12:35:00,EDT,Other Fossil Fuels,89.0
08/02/2019 12:35:00,EDT,Other Renewables,275.0
08/02/2019 12:35:00,EDT,Wind,4.0
08/02/2019 12:35:00,EDT,Hydro,3200.0
08/02/2019 12:40:00,EDT,Dual Fuel,6844.0
08/02/2019 12:40:00,EDT,Natural Gas,4333.0
08/02/2019 12:40:00,EDT,Nuclear,5215.0
08/02/2019 12:40:00,EDT,Other Fossil Fuels,89.0
08/02/2019 12:40:00,EDT,Other Renewables,282.0
08/02/2019 12:40:00,EDT,Wind,4.0
08/02/2019 12:40:00,EDT,Hydro,3081.0
08/02/2019 12:45:00,EDT,Dual Fuel,6953.0
08/02/2019 12:45:00,EDT,Natural Gas,4345.0
08/02/2019 12:45:00,EDT,Nuclear,5213.0
08/02/2019 12:45:00,EDT,Other Fossil Fuels,89.0
08/02/2019 12:45:00,EDT,Other Renewables,287.0
08/02/2019 12:45:00,EDT,Wind,5.0
08/02/2019 12:45:00,EDT,Hydro,2961.0
08/02/2019 12:50:00,EDT,Dual Fuel,7010.0
08/02/2019 12:50:00,EDT,Natural Gas,4360.0
08/02/2019 12:50:00,EDT,Nuclear,5213.0
08/02/2019 12:50:00,EDT,Other Fossil Fuels,89.0
08/02/2019 12:50:00,EDT,Other Renewables,283.0
08/02/2019 12:50:00,EDT,Wind,4.0
08/02/2019 12:50:00,EDT,Hydro,2942.0
08/02/2019 12:55:00,EDT,Dual Fuel,7043.0
08/02/2019 12:55:00,EDT,Natural Gas,4361.0
08/02/2019 12:55:00,EDT,Nuclear,5213.0
08/02/2019 12:55:00,EDT,Other Fossil Fuels,92.0
08/02/2019 12:55:00,EDT,Other Renewables,286.0
08/02/2019 12:55:00,EDT,Wind,4.0
08/02/2019 12:55:00,EDT,Hydro,2990.0
08/02/2019 13:00:00,EDT,Dual Fuel,7031.0
08/02/2019 13:00:00,EDT,Natural Gas,4411.0
08/02/2019 13:00:00,EDT,Nuclear,5211.0
08/02/2019 13:00:00,EDT,Other Fossil Fuels,95.0
08/02/2019 13:00:00,EDT,Other Renewables,282.0
08/02/2019 13:00:00,EDT,Wind,6.0
08/02/2019 13:00:00,EDT,Hydro,2920.0
08/02/2019 13:05:00,EDT,Dual Fuel,6929.0
08/02/2019 13:05:00,EDT,Natural Gas,4472.0
08/02/2019 13:05:00,EDT,Nuclear,5212.0
08/02/2019 13:05:00,EDT,Other Fossil Fuels,89.0
08/02/2019 13:05:00,EDT,Other Renewables,279.0
08/02/2019 13:05:00,EDT,Wind,7.0
08/02/2019 13:05:00,EDT,Hydro,3091.0
08/02/2019 13:10:00,EDT,Dual Fuel,6868.0
08/02/2019 13:10:00,EDT,Natural Gas,4505.0
08/02/2019 13:10:00,EDT,Nuclear,5213.0
08/02/2019 13:10:00,EDT,Other Fossil Fuels,88.0
08/02/2019 13:10:00,EDT,Other Renewables,281.0
08/02/2019 13:10:00,EDT,Wind,6.0
08/02/2019 13:10:00,EDT,Hydro,3252.0
08/02/2019 13:15:00,EDT,Dual Fuel,6887.0
08/02/2019 13:15:00,EDT,Natural Gas,4523.0
08/02/2019 13:15:00,EDT,Nuclear,5214.0
08/02/2019 13:15:00,EDT,Other Fossil Fuels,82.0
08/02/2019 13:15:00,EDT,Other Renewables,277.0
08/02/2019 13:15:00,EDT,Wind,5.0
08/02/2019 13:15:00,EDT,Hydro,3335.0
08/02/2019 13:20:00,EDT,Dual Fuel,6977.0
08/02/2019 13:20:00,EDT,Natural Gas,4543.0
08/02/2019 13:20:00,EDT,Nuclear,5213.0
08/02/2019 13:20:00,EDT,Other Fossil Fuels,73.0
08/02/2019 13:20:00,EDT,Other Renewables,272.0
08/02/2019 13:20:00,EDT,Wind,8.0
08/02/2019 13:20:00,EDT,Hydro,3253.0
08/02/2019 13:25:00,EDT,Dual Fuel,7031.0
08/02/2019 13:25:00,EDT,Natural Gas,4554.0
08/02/2019 13:25:00,EDT,Nuclear,5213.0
08/02/2019 13:25:00,EDT,Other Fossil Fuels,73.0
08/02/2019 13:25:00,EDT,Other Renewables,270.0
08/02/2019 13:25:00,EDT,Wind,6.0
08/02/2019 13:25:00,EDT,Hydro,3268.0
08/02/2019 13:30:00,EDT,Dual Fuel,7041.0
08/02/2019 13:30:00,EDT,Natural Gas,4548.0
08/02/2019 13:30:00,EDT,Nuclear,5211.0
08/02/2019 13:30:00,EDT,Other Fossil Fuels,73.0
08/02/2019 13:30:00,EDT,Other Renewables,266.0
08/02/2019 13:30:00,EDT,Wind,6.0
08/02/2019 13:30:00,EDT,Hydro,3404.0
08/02/2019 13:35:00,EDT,Dual Fuel,7098.0
08/02/2019 13:35:00,EDT,Natural Gas,4545.0
08/02/2019 13:35:00,EDT,Nuclear,5211.0
08/02/2019 13:35:00,EDT,Other Fossil Fuels,73.0
08/02/2019 13:35:00,EDT,Other Renewables,266.0
08/02/2019 13:35:00,EDT,Wind,6.0
08/02/2019 13:35:00,EDT,Hydro,3491.0
08/02/2019 13:40:00,EDT,Dual Fuel,7155.0
08/02/2019 13:40:00,EDT,Natural Gas,4548.0
08/02/2019 13:40:00,EDT,Nuclear,5210.0
08/02/2019 13:40:00,EDT,Other Fossil Fuels,73.0
08/02/2019 13:40:00,EDT,Other Renewables,265.0
08/02/2019 13:40:00,EDT,Wind,6.0
08/02/2019 13:40:00,EDT,Hydro,3562.0
08/02/2019 13:45:00,EDT,Dual Fuel,7214.0
08/02/2019 13:45:00,EDT,Natural Gas,4545.0
08/02/2019 13:45:00,EDT,Nuclear,5210.0
08/02/2019 13:45:00,EDT,Other Fossil Fuels,73.0
08/02/2019 13:45:00,EDT,Other Renewables,277.0
08/02/2019 13:45:00,EDT,Wind,6.0
08/02/2019 13:45:00,EDT,Hydro,3547.0
08/02/2019 13:50:00,EDT,Dual Fuel,7291.0
08/02/2019 13:50:00,EDT,Natural Gas,4548.0
08/02/2019 13:50:00,EDT,Nuclear,5211.0
08/02/2019 13:50:00,EDT,Other Fossil Fuels,73.0
08/02/2019 13:50:00,EDT,Other Renewables,277.0
08/02/2019 13:50:00,EDT,Wind,6.0
08/02/2019 13:50:00,EDT,Hydro,3575.0
08/02/2019 13:55:00,EDT,Dual Fuel,7324.0
08/02/2019 13:55:00,EDT,Natural Gas,4544.0
08/02/2019 13:55:00,EDT,Nuclear,5212.0
08/02/2019 13:55:00,EDT,Other Fossil Fuels,73.0
08/02/2019 13:55:00,EDT,Other Renewables,274.0
08/02/2019 13:55:00,EDT,Wind,7.0
08/02/2019 13:55:00,EDT,Hydro,3660.0
08/02/2019 14:00:00,EDT,Dual Fuel,7333.0
08/02/2019 14:00:00,EDT,Natural Gas,4587.0
08/02/2019 14:00:00,EDT,Nuclear,5214.0
08/02/2019 14:00:00,EDT,Other Fossil Fuels,73.0
08/02/2019 14:00:00,EDT,Other Renewables,271.0
08/02/2019 14:00:00,EDT,Wind,7.0
08/02/2019 14:00:00,EDT,Hydro,3626.0
08/02/2019 14:05:00,EDT,Dual Fuel,7260.0
08/02/2019 14:05:00,EDT,Natural Gas,4642.0
08/02/2019 14:05:00,EDT,Nuclear,5212.0
08/02/2019 14:05:00,EDT,Other Fossil Fuels,73.0
08/02/2019 14:05:00,EDT,Other Renewables,279.0
08/02/2019 14:05:00,EDT,Wind,9.0
08/02/2019 14:05:00,EDT,Hydro,3499.0
08/02/2019 14:10:00,EDT,Dual Fuel,7207.0
08/02/2019 14:10:00,EDT,Natural Gas,4647.0
08/02/2019 14:10:00,EDT,Nuclear,5214.0
08/02/2019 14:10:00,EDT,Other Fossil Fuels,73.0
08/02/2019 14:10:00,EDT,Other Renewables,291.0
08/02/2019 14:10:00,EDT,Wind,11.0
08/02/2019 14:10:00,EDT,Hydro,3488.0
08/02/2019 14:15:00,EDT,Dual Fuel,7211.0
08/02/2019 14:15:00,EDT,Natural Gas,4664.0
08/02/2019 14:15:00,EDT,Nuclear,5212.0
08/02/2019 14:15:00,EDT,Other Fossil Fuels,72.0
08/02/2019 14:15:00,EDT,Other Renewables,286.0
08/02/2019 14:15:00,EDT,Wind,11.0
08/02/2019 14:15:00,EDT,Hydro,3495.0
08/02/2019 14:20:00,EDT,Dual Fuel,7246.0
08/02/2019 14:20:00,EDT,Natural Gas,4663.0
08/02/2019 14:20:00,EDT,Nuclear,5214.0
08/02/2019 14:20:00,EDT,Other Fossil Fuels,72.0
08/02/2019 14:20:00,EDT,Other Renewables,284.0
08/02/2019 14:20:00,EDT,Wind,12.0
08/02/2019 14:20:00,EDT,Hydro,3507.0
08/02/2019 14:25:00,EDT,Dual Fuel,7296.0
08/02/2019 14:25:00,EDT,Natural Gas,4668.0
08/02/2019 14:25:00,EDT,Nuclear,5215.0
08/02/2019 14:25:00,EDT,Other Fossil Fuels,72.0
08/02/2019 14:25:00,EDT,Other Renewables,281.0
08/02/2019 14:25:00,EDT,Wind,16.0
08/02/2019 14:25:00,EDT,Hydro,3518.0
08/02/2019 14:30:00,EDT,Dual Fuel,7344.0
08/02/2019 14:30:00,EDT,Natural Gas,4675.0
08/02/2019 14:30:00,EDT,Nuclear,5215.0
08/02/2019 14:30:00,EDT,Other Fossil Fuels,72.0
08/02/2019 14:30:00,EDT,Other Renewables,282.0
08/02/2019 14:30:00,EDT,Wind,16.0
08/02/2019 14:30:00,EDT,Hydro,3525.0
08/02/2019 14:35:00,EDT,Dual Fuel,7399.0
08/02/2019 14:35:00,EDT,Natural Gas,4674.0
08/02/2019 14:35:00,EDT,Nuclear,5217.0
08/02/2019 14:35:00,EDT,Other Fossil Fuels,72.0
08/02/2019 14:35:00,EDT,Other Renewables,291.0
08/02/2019 14:35:00,EDT,Wind,18.0
08/02/2019 14:35:00,EDT,Hydro,3533.0
08/02/2019 14:40:00,EDT,Dual Fuel,7413.0
08/02/2019 14:40:00,EDT,Natural Gas,4666.0
08/02/2019 14:40:00,EDT,Nuclear,5218.0
08/02/2019 14:40:00,EDT,Other Fossil Fuels,72.0
08/02/2019 14:40:00,EDT,Other Renewables,292.0
08/02/2019 14:40:00,EDT,Wind,18.0
08/02/2019 14:40:00,EDT,Hydro,3560.0
08/02/2019 14:45:00,EDT,Dual Fuel,7407.0
08/02/2019 14:45:00,EDT,Natural Gas,4678.0
08/02/2019 14:45:00,EDT,Nuclear,5217.0
08/02/2019 14:45:00,EDT,Other Fossil Fuels,73.0
08/02/2019 14:45:00,EDT,Other Renewables,283.0
08/02/2019 14:45:00,EDT,Wind,18.0
08/02/2019 14:45:00,EDT,Hydro,3594.0
08/02/2019 14:50:00,EDT,Dual Fuel,7478.0
08/02/2019 14:50:00,EDT,Natural Gas,4683.0
08/02/2019 14:50:00,EDT,Nuclear,5216.0
08/02/2019 14:50:00,EDT,Other Fossil Fuels,80.0
08/02/2019 14:50:00,EDT,Other Renewables,281.0
08/02/2019 14:50:00,EDT,Wind,21.0
08/02/2019 14:50:00,EDT,Hydro,3628.0
08/02/2019 14:55:00,EDT,Dual Fuel,7513.0
08/02/2019 14:55:00,EDT,Natural Gas,4691.0
08/02/2019 14:55:00,EDT,Nuclear,5217.0
08/02/2019 14:55:00,EDT,Other Fossil Fuels,80.0
08/02/2019 14:55:00,EDT,Other Renewables,285.0
08/02/2019 14:55:00,EDT,Wind,23.0
08/02/2019 14:55:00,EDT,Hydro,3603.0
08/02/2019 15:00:00,EDT,Dual Fuel,7560.0
08/02/2019 15:00:00,EDT,Natural Gas,4683.0
08/02/2019 15:00:00,EDT,Nuclear,5218.0
08/02/2019 15:00:00,EDT,Other Fossil Fuels,80.0
08/02/2019 15:00:00,EDT,Other Renewables,281.0
08/02/2019 15:00:00,EDT,Wind,22.0
08/02/2019 15:00:00,EDT,Hydro,3623.0
08/02/2019 15:05:00,EDT,Dual Fuel,7468.0
08/02/2019 15:05:00,EDT,Natural Gas,4645.0
08/02/2019 15:05:00,EDT,Nuclear,5218.0
08/02/2019 15:05:00,EDT,Other Fossil Fuels,80.0
08/02/2019 15:05:00,EDT,Other Renewables,280.0
08/02/2019 15:05:00,EDT,Wind,21.0
08/02/2019 15:05:00,EDT,Hydro,3666.0
08/02/2019 15:10:00,EDT,Dual Fuel,7420.0
08/02/2019 15:10:00,EDT,Natural Gas,4617.0
08/02/2019 15:10:00,EDT,Nuclear,5217.0
08/02/2019 15:10:00,EDT,Other Fossil Fuels,80.0
08/02/2019 15:10:00,EDT,Other Renewables,278.0
08/02/2019 15:10:00,EDT,Wind,23.0
08/02/2019 15:10:00,EDT,Hydro,3652.0
08/02/2019 15:15:00,EDT,Dual Fuel,7514.0
08/02/2019 15:15:00,EDT,Natural Gas,4676.0
08/02/2019 15:15:00,EDT,Nuclear,5216.0
08/02/2019 15:15:00,EDT,Other Fossil Fuels,80.0
08/02/2019 15:15:00,EDT,Other Renewables,282.0
08/02/2019 15:15:00,EDT,Wind,23.0
08/02/2019 15:15:00,EDT,Hydro,3530.0
08/02/2019 15:20:00,EDT,Dual Fuel,7538.0
08/02/2019 15:20:00,EDT,Natural Gas,4703.0
08/02/2019 15:20:00,EDT,Nuclear,5217.0
08/02/2019 15:20:00,EDT,Other Fossil Fuels,79.0
08/02/2019 15:20:00,EDT,Other Renewables,276.0
08/02/2019 15:20:00,EDT,Wind,24.0
08/02/2019 15:20:00,EDT,Hydro,3525.0
08/02/2019 15:25:00,EDT,Dual Fuel,7463.0
08/02/2019 15:25:00,EDT,Natural Gas,4675.0
08/02/2019 15:25:00,EDT,Nuclear,5219.0
08/02/2019 15:25:00,EDT,Other Fossil Fuels,79.0
08/02/2019 15:25:00,EDT,Other Renewables,283.0
08/02/2019 15:25:00,EDT,Wind,26.0
08/02/2019 15:25:00,EDT,Hydro,3636.0
08/02/2019 15:30:00,EDT,Dual Fuel,7416.0
08/02/2019 15:30:00,EDT,Natural Gas,4664.0
08/02/2019 15:30:00,EDT,Nuclear,5218.0
08/02/2019 15:30:00,EDT,Other Fossil Fuels,80.0
08/02/2019 15:30:00,EDT,Other Renewables,280.0
08/02/2019 15:30:00,EDT,Wind,23.0
08/02/2019 15:30:00,EDT,Hydro,3691.0
08/02/2019 15:35:00,EDT,Dual Fuel,7448.0
08/02/2019 15:35:00,EDT,Natural Gas,4652.0
08/02/2019 15:35:00,EDT,Nuclear,5218.0
08/02/2019 15:35:00,EDT,Other Fossil Fuels,80.0
08/02/2019 15:35:00,EDT,Other Renewables,282.0
08/02/2019 15:35:00,EDT,Wind,23.0
08/02/2019 15:35:00,EDT,Hydro,3722.0
08/02/2019 15:40:00,EDT,Dual Fuel,7491.0
08/02/2019 15:40:00,EDT,Natural Gas,4648.0
08/02/2019 15:40:00,EDT,Nuclear,5218.0
08/02/2019 15:40:00,EDT,Other Fossil Fuels,80.0
08/02/2019 15:40:00,EDT,Other Renewables,286.0
08/02/2019 15:40:00,EDT,Wind,21.0
08/02/2019 15:40:00,EDT,Hydro,3735.0
08/02/2019 15:45:00,EDT,Dual Fuel,7524.0
08/02/2019 15:45:00,EDT,Natural Gas,4650.0
08/02/2019 15:45:00,EDT,Nuclear,5219.0
08/02/2019 15:45:00,EDT,Other Fossil Fuels,79.0
08/02/2019 15:45:00,EDT,Other Renewables,284.0
08/02/2019 15:45:00,EDT,Wind,23.0
08/02/2019 15:45:00,EDT,Hydro,3736.0
08/02/2019 15:50:00,EDT,Dual Fuel,7525.0
08/02/2019 15:50:00,EDT,Natural Gas,4659.0
08/02/2019 15:50:00,EDT,Nuclear,5217.0
08/02/2019 15:50:00,EDT,Other Fossil Fuels,80.0
08/02/2019 15:50:00,EDT,Other Renewables,277.0
08/02/2019 15:50:00,EDT,Wind,26.0
08/02/2019 15:50:00,EDT,Hydro,3709.0
08/02/2019 15:55:00,EDT,Dual Fuel,7515.0
08/02/2019 15:55:00,EDT,Natural Gas,4680.0
08/02/2019 15:55:00,EDT,Nuclear,5217.0
08/02/2019 15:55:00,EDT,Other Fossil Fuels,76.0
08/02/2019 15:55:00,EDT,Other Renewables,277.0
08/02/2019 15:55:00,EDT,Wind,24.0
08/02/2019 15:55:00,EDT,Hydro,3719.0
08/02/2019 16:00:00,EDT,Dual Fuel,7509.0
08/02/2019 16:00:00,EDT,Natural Gas,4692.0
08/02/2019 16:00:00,EDT,Nuclear,5218.0
08/02/2019 16:00:00,EDT,Other Fossil Fuels,75.0
08/02/2019 16:00:00,EDT,Other Renewables,282.0
08/02/2019 16:00:00,EDT,Wind,22.0
08/02/2019 16:00:00,EDT,Hydro,3720.0
08/02/2019 16:05:00,EDT,Dual Fuel,7522.0
08/02/2019 16:05:00,EDT,Natural Gas,4706.0
08/02/2019 16:05:00,EDT,Nuclear,5218.0
08/02/2019 16:05:00,EDT,Other Fossil Fuels,74.0
08/02/2019 16:05:00,EDT,Other Renewables,287.0
08/02/2019 16:05:00,EDT,Wind,23.0
08/02/2019 16:05:00,EDT,Hydro,3750.0
08/02/2019 16:10:00,EDT,Dual Fuel,7539.0
08/02/2019 16:10:00,EDT,Natural Gas,4705.0
08/02/2019 16:10:00,EDT,Nuclear,5216.0
08/02/2019 16:10:00,EDT,Other Fossil Fuels,74.0
08/02/2019 16:10:00,EDT,Other Renewables,284.0
08/02/2019 16:10:00,EDT,Wind,24.0
08/02/2019 16:10:00,EDT,Hydro,3754.0
08/02/2019 16:15:00,EDT,Dual Fuel,7539.0
08/02/2019 16:15:00,EDT,Natural Gas,4729.0
08/02/2019 16:15:00,EDT,Nuclear,5216.0
08/02/2019 16:15:00,EDT,Other Fossil Fuels,74.0
08/02/2019 16:15:00,EDT,Other Renewables,287.0
08/02/2019 16:15:00,EDT,Wind,24.0
08/02/2019 16:15:00,EDT,Hydro,3773.0
08/02/2019 16:20:00,EDT,Dual Fuel,7581.0
08/02/2019 16:20:00,EDT,Natural Gas,4747.0
08/02/2019 16:20:00,EDT,Nuclear,5217.0
08/02/2019 16:20:00,EDT,Other Fossil Fuels,75.0
08/02/2019 16:20:00,EDT,Other Renewables,286.0
08/02/2019 16:20:00,EDT,Wind,26.0
08/02/2019 16:20:00,EDT,Hydro,3800.0
08/02/2019 16:25:00,EDT,Dual Fuel,7640.0
08/02/2019 16:25:00,EDT,Natural Gas,4750.0
08/02/2019 16:25:00,EDT,Nuclear,5216.0
08/02/2019 16:25:00,EDT,Other Fossil Fuels,74.0
08/02/2019 16:25:00,EDT,Other Renewables,283.0
08/02/2019 16:25:00,EDT,Wind,30.0
08/02/2019 16:25:00,EDT,Hydro,3801.0
08/02/2019 16:30:00,EDT,Dual Fuel,7698.0
08/02/2019 16:30:00,EDT,Natural Gas,4756.0
08/02/2019 16:30:00,EDT,Nuclear,5216.0
08/02/2019 16:30:00,EDT,Other Fossil Fuels,74.0
08/02/2019 16:30:00,EDT,Other Renewables,281.0
08/02/2019 16:30:00,EDT,Wind,32.0
08/02/2019 16:30:00,EDT,Hydro,3797.0
08/02/2019 16:35:00,EDT,Dual Fuel,7744.0
08/02/2019 16:35:00,EDT,Natural Gas,4781.0
08/02/2019 16:35:00,EDT,Nuclear,5214.0
08/02/2019 16:35:00,EDT,Other Fossil Fuels,77.0
08/02/2019 16:35:00,EDT,Other Renewables,283.0
08/02/2019 16:35:00,EDT,Wind,32.0
08/02/2019 16:35:00,EDT,Hydro,3762.0
08/02/2019 16:40:00,EDT,Dual Fuel,7816.0
08/02/2019 16:40:00,EDT,Natural Gas,4811.0
08/02/2019 16:40:00,EDT,Nuclear,5215.0
08/02/2019 16:40:00,EDT,Other Fossil Fuels,84.0
08/02/2019 16:40:00,EDT,Other Renewables,281.0
08/02/2019 16:40:00,EDT,Wind,29.0
08/02/2019 16:40:00,EDT,Hydro,3679.0
08/02/2019 16:45:00,EDT,Dual Fuel,7877.0
08/02/2019 16:45:00,EDT,Natural Gas,4818.0
08/02/2019 16:45:00,EDT,Nuclear,5214.0
08/02/2019 16:45:00,EDT,Other Fossil Fuels,89.0
08/02/2019 16:45:00,EDT,Other Renewables,284.0
08/02/2019 16:45:00,EDT,Wind,29.0
08/02/2019 16:45:00,EDT,Hydro,3681.0
08/02/2019 16:50:00,EDT,Dual Fuel,7864.0
08/02/2019 16:50:00,EDT,Natural Gas,4744.0
08/02/2019 16:50:00,EDT,Nuclear,5215.0
08/02/2019 16:50:00,EDT,Other Fossil Fuels,90.0
08/02/2019 16:50:00,EDT,Other Renewables,281.0
08/02/2019 16:50:00,EDT,Wind,27.0
08/02/2019 16:50:00,EDT,Hydro,3754.0
08/02/2019 16:55:00,EDT,Dual Fuel,7805.0
08/02/2019 16:55:00,EDT,Natural Gas,4650.0
08/02/2019 16:55:00,EDT,Nuclear,5214.0
08/02/2019 16:55:00,EDT,Other Fossil Fuels,86.0
08/02/2019 16:55:00,EDT,Other Renewables,280.0
08/02/2019 16:55:00,EDT,Wind,27.0
08/02/2019 16:55:00,EDT,Hydro,3792.0
08/02/2019 17:00:00,EDT,Dual Fuel,7771.0
08/02/2019 17:00:00,EDT,Natural Gas,4675.0
08/02/2019 17:00:00,EDT,Nuclear,5214.0
08/02/2019 17:00:00,EDT,Other Fossil Fuels,82.0
08/02/2019 17:00:00,EDT,Other Renewables,282.0
08/02/2019 17:00:00,EDT,Wind,27.0
08/02/2019 17:00:00,EDT,Hydro,3788.0
08/02/2019 17:05:00,EDT,Dual Fuel,7836.0
08/02/2019 17:05:00,EDT,Natural Gas,4775.0
08/02/2019 17:05:00,EDT,Nuclear,5214.0
08/02/2019 17:05:00,EDT,Other Fossil Fuels,81.0
08/02/2019 17:05:00,EDT,Other Renewables,279.0
08/02/2019 17:05:00,EDT,Wind,29.0
08/02/2019 17:05:00,EDT,Hydro,3814.0
08/02/2019 17:10:00,EDT,Dual Fuel,7914.0
08/02/2019 17:10:00,EDT,Natural Gas,4807.0
08/02/2019 17:10:00,EDT,Nuclear,5212.0
08/02/2019 17:10:00,EDT,Other Fossil Fuels,80.0
08/02/2019 17:10:00,EDT,Other Renewables,283.0
08/02/2019 17:10:00,EDT,Wind,33.0
08/02/2019 17:10:00,EDT,Hydro,3834.0
08/02/2019 17:15:00,EDT,Dual Fuel,7935.0
08/02/2019 17:15:00,EDT,Natural Gas,4812.0
08/02/2019 17:15:00,EDT,Nuclear,5212.0
08/02/2019 17:15:00,EDT,Other Fossil Fuels,80.0
08/02/2019 17:15:00,EDT,Other Renewables,280.0
08/02/2019 17:15:00,EDT,Wind,31.0
08/02/2019 17:15:00,EDT,Hydro,3837.0
08/02/2019 17:20:00,EDT,Dual Fuel,7936.0
08/02/2019 17:20:00,EDT,Natural Gas,4813.0
08/02/2019 17:20:00,EDT,Nuclear,5214.0
08/02/2019 17:20:00,EDT,Other Fossil Fuels,80.0
08/02/2019 17:20:00,EDT,Other Renewables,280.0
08/02/2019 17:20:00,EDT,Wind,28.0
08/02/2019 17:20:00,EDT,Hydro,3844.0
08/02/2019 17:25:00,EDT,Dual Fuel,7938.0
08/02/2019 17:25:00,EDT,Natural Gas,4806.0
08/02/2019 17:25:00,EDT,Nuclear,5211.0
08/02/2019 17:25:00,EDT,Other Fossil Fuels,80.0
08/02/2019 17:25:00,EDT,Other Renewables,280.0
08/02/2019 17:25:00,EDT,Wind,29.0
08/02/2019 17:25:00,EDT,Hydro,3865.0
08/02/2019 17:30:00,EDT,Dual Fuel,7929.0
08/02/2019 17:30:00,EDT,Natural Gas,4810.0
08/02/2019 17:30:00,EDT,Nuclear,5209.0
08/02/2019 17:30:00,EDT,Other Fossil Fuels,80.0
08/02/2019 17:30:00,EDT,Other Renewables,279.0
08/02/2019 17:30:00,EDT,Wind,26.0
08/02/2019 17:30:00,EDT,Hydro,3929.0
08/02/2019 17:35:00,EDT,Dual Fuel,7928.0
08/02/2019 17:35:00,EDT,Natural Gas,4785.0
08/02/2019 17:35:00,EDT,Nuclear,5209.0
08/02/2019 17:35:00,EDT,Other Fossil Fuels,80.0
08/02/2019 17:35:00,EDT,Other Renewables,276.0
08/02/2019 17:35:00,EDT,Wind,25.0
08/02/2019 17:35:00,EDT,Hydro,4031.0
08/02/2019 17:40:00,EDT,Dual Fuel,7917.0
08/02/2019 17:40:00,EDT,Natural Gas,4774.0
08/02/2019 17:40:00,EDT,Nuclear,5209.0
08/02/2019 17:40:00,EDT,Other Fossil Fuels,80.0
08/02/2019 17:40:00,EDT,Other Renewables,274.0
08/02/2019 17:40:00,EDT,Wind,25.0
08/02/2019 17:40:00,EDT,Hydro,4003.0
08/02/2019 17:45:00,EDT,Dual Fuel,7907.0
08/02/2019 17:45:00,EDT,Natural Gas,4735.0
08/02/2019 17:45:00,EDT,Nuclear,5211.0
08/02/2019 17:45:00,EDT,Other Fossil Fuels,80.0
08/02/2019 17:45:00,EDT,Other Renewables,276.0
08/02/2019 17:45:00,EDT,Wind,28.0
08/02/2019 17:45:00,EDT,Hydro,4028.0
08/02/2019 17:50:00,EDT,Dual Fuel,7907.0
08/02/2019 17:50:00,EDT,Natural Gas,4734.0
08/02/2019 17:50:00,EDT,Nuclear,5210.0
08/02/2019 17:50:00,EDT,Other Fossil Fuels,80.0
08/02/2019 17:50:00,EDT,Other Renewables,276.0
08/02/2019 17:50:00,EDT,Wind,29.0
08/02/2019 17:50:00,EDT,Hydro,4017.0
08/02/2019 17:55:00,EDT,Dual Fuel,7919.0
08/02/2019 17:55:00,EDT,Natural Gas,4705.0
08/02/2019 17:55:00,EDT,Nuclear,5209.0
08/02/2019 17:55:00,EDT,Other Fossil Fuels,80.0
08/02/2019 17:55:00,EDT,Other Renewables,272.0
08/02/2019 17:55:00,EDT,Wind,30.0
08/02/2019 17:55:00,EDT,Hydro,3993.0
08/02/2019 18:00:00,EDT,Dual Fuel,7916.0
08/02/2019 18:00:00,EDT,Natural Gas,4692.0
08/02/2019 18:00:00,EDT,Nuclear,5208.0
08/02/2019 18:00:00,EDT,Other Fossil Fuels,79.0
08/02/2019 18:00:00,EDT,Other Renewables,274.0
08/02/2019 18:00:00,EDT,Wind,32.0
08/02/2019 18:00:00,EDT,Hydro,3962.0
08/02/2019 18:05:00,EDT,Dual Fuel,7943.0
08/02/2019 18:05:00,EDT,Natural Gas,4670.0
08/02/2019 18:05:00,EDT,Nuclear,5209.0
08/02/2019 18:05:00,EDT,Other Fossil Fuels,80.0
08/02/2019 18:05:00,EDT,Other Renewables,275.0
08/02/2019 18:05:00,EDT,Wind,34.0
08/02/2019 18:05:00,EDT,Hydro,3936.0
08/02/2019 18:10:00,EDT,Dual Fuel,7970.0
08/02/2019 18:10:00,EDT,Natural Gas,4641.0
08/02/2019 18:10:00,EDT,Nuclear,5209.0
08/02/2019 18:10:00,EDT,Other Fossil Fuels,80.0
08/02/2019 18:10:00,EDT,Other Renewables,272.0
08/02/2019 18:10:00,EDT,Wind,36.0
08/02/2019 18:10:00,EDT,Hydro,3922.0
08/02/2019 18:15:00,EDT,Dual Fuel,7997.0
08/02/2019 18:15:00,EDT,Natural Gas,4616.0
08/02/2019 18:15:00,EDT,Nuclear,5210.0
08/02/2019 18:15:00,EDT,Other Fossil Fuels,80.0
08/02/2019 18:15:00,EDT,Other Renewables,273.0
08/02/2019 18:15:00,EDT,Wind,35.0
08/02/2019 18:15:00,EDT,Hydro,3899.0
08/02/2019 18:20:00,EDT,Dual Fuel,8021.0
08/02/2019 18:20:00,EDT,Natural Gas,4603.0
08/02/2019 18:20:00,EDT,Nuclear,5211.0
08/02/2019 18:20:00,EDT,Other Fossil Fuels,82.0
08/02/2019 18:20:00,EDT,Other Renewables,274.0
08/02/2019 18:20:00,EDT,Wind,32.0
08/02/2019 18:20:00,EDT,Hydro,3918.0
08/02/2019 18:25:00,EDT,Dual Fuel,8050.0
08/02/2019 18:25:00,EDT,Natural Gas,4601.0
08/02/2019 18:25:00,EDT,Nuclear,5210.0
08/02/2019 18:25:00,EDT,Other Fossil Fuels,86.0
08/02/2019 18:25:00,EDT,Other Renewables,277.0
08/02/2019 18:25:00,EDT,Wind,27.0
08/02/2019 18:25:00,EDT,Hydro,3918.0
08/02/2019 18:30:00,EDT,Dual Fuel,8057.0
08/02/2019 18:30:00,EDT,Natural Gas,4561.0
08/02/2019 18:30:00,EDT,Nuclear,5211.0
08/02/2019 18:30:00,EDT,Other Fossil Fuels,80.0
08/02/2019 18:30:00,EDT,Other Renewables,274.0
08/02/2019 18:30:00,EDT,Wind,25.0
08/02/2019 18:30:00,EDT,Hydro,3914.0
08/02/2019 18:35:00,EDT,Dual Fuel,8028.0
08/02/2019 18:35:00,EDT,Natural Gas,4551.0
08/02/2019 18:35:00,EDT,Nuclear,5210.0
08/02/2019 18:35:00,EDT,Other Fossil Fuels,80.0
08/02/2019 18:35:00,EDT,Other Renewables,273.0
08/02/2019 18:35:00,EDT,Wind,23.0
08/02/2019 18:35:00,EDT,Hydro,3915.0
08/02/2019 18:40:00,EDT,Dual Fuel,8006.0
08/02/2019 18:40:00,EDT,Natural Gas,4556.0
08/02/2019 18:40:00,EDT,Nuclear,5210.0
08/02/2019 18:40:00,EDT,Other Fossil Fuels,80.0
08/02/2019 18:40:00,EDT,Other Renewables,273.0
08/02/2019 18:40:00,EDT,Wind,22.0
08/02/2019 18:40:00,EDT,Hydro,3911.0
08/02/2019 18:45:00,EDT,Dual Fuel,7995.0
08/02/2019 18:45:00,EDT,Natural Gas,4568.0
08/02/2019 18:45:00,EDT,Nuclear,5213.0
08/02/2019 18:45:00,EDT,Other Fossil Fuels,80.0
08/02/2019 18:45:00,EDT,Other Renewables,272.0
08/02/2019 18:45:00,EDT,Wind,23.0
08/02/2019 18:45:00,EDT,Hydro,3865.0
08/02/2019 18:50:00,EDT,Dual Fuel,8005.0
08/02/2019 18:50:00,EDT,Natural Gas,4584.0
08/02/2019 18:50:00,EDT,Nuclear,5211.0
08/02/2019 18:50:00,EDT,Other Fossil Fuels,80.0
08/02/2019 18:50:00,EDT,Other Renewables,273.0
08/02/2019 18:50:00,EDT,Wind,25.0
08/02/2019 18:50:00,EDT,Hydro,3767.0
08/02/2019 18:55:00,EDT,Dual Fuel,7974.0
08/02/2019 18:55:00,EDT,Natural Gas,4577.0
08/02/2019 18:55:00,EDT,Nuclear,5213.0
08/02/2019 18:55:00,EDT,Other Fossil Fuels,80.0
08/02/2019 18:55:00,EDT,Other Renewables,274.0
08/02/2019 18:55:00,EDT,Wind,26.0
08/02/2019 18:55:00,EDT,Hydro,3712.0
08/02/2019 19:00:00,EDT,Dual Fuel,7884.0
08/02/2019 19:00:00,EDT,Natural Gas,4577.0
08/02/2019 19:00:00,EDT,Nuclear,5212.0
08/02/2019 19:00:00,EDT,Other Fossil Fuels,80.0
08/02/2019 19:00:00,EDT,Other Renewables,275.0
08/02/2019 19:00:00,EDT,Wind,31.0
08/02/2019 19:00:00,EDT,Hydro,3736.0
08/02/2019 19:05:00,EDT,Dual Fuel,7797.0
08/02/2019 19:05:00,EDT,Natural Gas,4538.0
08/02/2019 19:05:00,EDT,Nuclear,5213.0
08/02/2019 19:05:00,EDT,Other Fossil Fuels,80.0
08/02/2019 19:05:00,EDT,Other Renewables,274.0
08/02/2019 19:05:00,EDT,Wind,34.0
08/02/2019 19:05:00,EDT,Hydro,3714.0
08/02/2019 19:10:00,EDT,Dual Fuel,7741.0
08/02/2019 19:10:00,EDT,Natural Gas,4470.0
08/02/2019 19:10:00,EDT,Nuclear,5213.0
08/02/2019 19:10:00,EDT,Other Fossil Fuels,80.0
08/02/2019 19:10:00,EDT,Other Renewables,273.0
08/02/2019 19:10:00,EDT,Wind,38.0
08/02/2019 19:10:00,EDT,Hydro,3692.0
08/02/2019 19:15:00,EDT,Dual Fuel,7707.0
08/02/2019 19:15:00,EDT,Natural Gas,4397.0
08/02/2019 19:15:00,EDT,Nuclear,5212.0
08/02/2019 19:15:00,EDT,Other Fossil Fuels,80.0
08/02/2019 19:15:00,EDT,Other Renewables,269.0
08/02/2019 19:15:00,EDT,Wind,41.0
08/02/2019 19:15:00,EDT,Hydro,3686.0
08/02/2019 19:20:00,EDT,Dual Fuel,7667.0
08/02/2019 19:20:00,EDT,Natural Gas,4337.0
08/02/2019 19:20:00,EDT,Nuclear,5212.0
08/02/2019 19:20:00,EDT,Other Fossil Fuels,80.0
08/02/2019 19:20:00,EDT,Other Renewables,271.0
08/02/2019 19:20:00,EDT,Wind,41.0
08/02/2019 19:20:00,EDT,Hydro,3670.0
08/02/2019 19:25:00,EDT,Dual Fuel,7598.0
08/02/2019 19:25:00,EDT,Natural Gas,4322.0
08/02/2019 19:25:00,EDT,Nuclear,5212.0
08/02/2019 19:25:00,EDT,Other Fossil Fuels,80.0
08/02/2019 19:25:00,EDT,Other Renewables,268.0
08/02/2019 19:25:00,EDT,Wind,40.0
08/02/2019 19:25:00,EDT,Hydro,3624.0
08/02/2019 19:30:00,EDT,Dual Fuel,7562.0
08/02/2019 19:30:00,EDT,Natural Gas,4273.0
08/02/2019 19:30:00,EDT,Nuclear,5213.0
08/02/2019 19:30:00,EDT,Other Fossil Fuels,80.0
08/02/2019 19:30:00,EDT,Other Renewables,267.0
08/02/2019 19:30:00,EDT,Wind,41.0
08/02/2019 19:30:00,EDT,Hydro,3587.0
08/02/2019 19:35:00,EDT,Dual Fuel,7538.0
08/02/2019 19:35:00,EDT,Natural Gas,4219.0
08/02/2019 19:35:00,EDT,Nuclear,5214.0
08/02/2019 19:35:00,EDT,Other Fossil Fuels,80.0
08/02/2019 19:35:00,EDT,Other Renewables,268.0
08/02/2019 19:35:00,EDT,Wind,39.0
08/02/2019 19:35:00,EDT,Hydro,3606.0
08/02/2019 19:40:00,EDT,Dual Fuel,7503.0
08/02/2019 19:40:00,EDT,Natural Gas,4185.0
08/02/2019 19:40:00,EDT,Nuclear,5214.0
08/02/2019 19:40:00,EDT,Other Fossil Fuels,80.0
08/02/2019 19:40:00,EDT,Other Renewables,267.0
08/02/2019 19:40:00,EDT,Wind,38.0
08/02/2019 19:40:00,EDT,Hydro,3579.0
08/02/2019 19:45:00,EDT,Dual Fuel,7459.0
08/02/2019 19:45:00,EDT,Natural Gas,4171.0
08/02/2019 19:45:00,EDT,Nuclear,5213.0
08/02/2019 19:45:00,EDT,Other Fossil Fuels,80.0
08/02/2019 19:45:00,EDT,Other Renewables,269.0
08/02/2019 19:45:00,EDT,Wind,38.0
08/02/2019 19:45:00,EDT,Hydro,3554.0
08/02/2019 19:50:00,EDT,Dual Fuel,7402.0
08/02/2019 19:50:00,EDT,Natural Gas,4166.0
08/02/2019 19:50:00,EDT,Nuclear,5212.0
08/02/2019 19:50:00,EDT,Other Fossil Fuels,80.0
08/02/2019 19:50:00,EDT,Other Renewables,267.0
08/02/2019 19:50:00,EDT,Wind,41.0
08/02/2019 19:50:00,EDT,Hydro,3535.0
08/02/2019 19:55:00,EDT,Dual Fuel,7350.0
08/02/2019 19:55:00,EDT,Natural Gas,4163.0
08/02/2019 19:55:00,EDT,Nuclear,5214.0
08/02/2019 19:55:00,EDT,Other Fossil Fuels,77.0
08/02/2019 19:55:00,EDT,Other Renewables,267.0
08/02/2019 19:55:00,EDT,Wind,44.0
08/02/2019 19:55:00,EDT,Hydro,3507.0
08/02/2019 20:00:00,EDT,Dual Fuel,7343.0
08/02/2019 20:00:00,EDT,Natural Gas,4100.0
08/02/2019 20:00:00,EDT,Nuclear,5213.0
08/02/2019 20:00:00,EDT,Other Fossil Fuels,75.0
08/02/2019 20:00:00,EDT,Other Renewables,266.0
08/02/2019 20:00:00,EDT,Wind,45.0
08/02/2019 20:00:00,EDT,Hydro,3521.0
08/02/2019 20:05:00,EDT,Dual Fuel,7386.0
08/02/2019 20:05:00,EDT,Natural Gas,4057.0
08/02/2019 20:05:00,EDT,Nuclear,5215.0
08/02/2019 20:05:00,EDT,Other Fossil Fuels,79.0
08/02/2019 20:05:00,EDT,Other Renewables,266.0
08/02/2019 20:05:00,EDT,Wind,48.0
08/02/2019 20:05:00,EDT,Hydro,3522.0
08/02/2019 20:10:00,EDT,Dual Fuel,7455.0
08/02/2019 20:10:00,EDT,Natural Gas,4069.0
08/02/2019 20:10:00,EDT,Nuclear,5217.0
08/02/2019 20:10:00,EDT,Other Fossil Fuels,80.0
08/02/2019 20:10:00,EDT,Other Renewables,268.0
08/02/2019 20:10:00,EDT,Wind,50.0
08/02/2019 20:10:00,EDT,Hydro,3464.0
08/02/2019 20:15:00,EDT,Dual Fuel,7472.0
08/02/2019 20:15:00,EDT,Natural Gas,3995.0
08/02/2019 20:15:00,EDT,Nuclear,5217.0
08/02/2019 20:15:00,EDT,Other Fossil Fuels,75.0
08/02/2019 20:15:00,EDT,Other Renewables,268.0
08/02/2019 20:15:00,EDT,Wind,51.0
08/02/2019 20:15:00,EDT,Hydro,3534.0
08/02/2019 20:20:00,EDT,Dual Fuel,7421.0
08/02/2019 20:20:00,EDT,Natural Gas,3967.0
08/02/2019 20:20:00,EDT,Nuclear,5217.0
08/02/2019 20:20:00,EDT,Other Fossil Fuels,75.0
08/02/2019 20:20:00,EDT,Other Renewables,269.0
08/02/2019 20:20:00,EDT,Wind,51.0
08/02/2019 20:20:00,EDT,Hydro,3580.0
08/02/2019 20:25:00,EDT,Dual Fuel,7355.0
08/02/2019 20:25:00,EDT,Natural Gas,3985.0
08/02/2019 20:25:00,EDT,Nuclear,5216.0
08/02/2019 20:25:00,EDT,Other Fossil Fuels,75.0
08/02/2019 20:25:00,EDT,Other Renewables,268.0
08/02/2019 20:25:00,EDT,Wind,54.0
08/02/2019 20:25:00,EDT,Hydro,3518.0
08/02/2019 20:30:00,EDT,Dual Fuel,7325.0
08/02/2019 20:30:00,EDT,Natural Gas,4028.0
08/02/2019 20:30:00,EDT,Nuclear,5218.0
08/02/2019 20:30:00,EDT,Other Fossil Fuels,75.0
08/02/2019 20:30:00,EDT,Other Renewables,267.0
08/02/2019 20:30:00,EDT,Wind,54.0
08/02/2019 20:30:00,EDT,Hydro,3467.0
08/02/2019 20:35:00,EDT,Dual Fuel,7320.0
08/02/2019 20:35:00,EDT,Natural Gas,4019.0
08/02/2019 20:35:00,EDT,Nuclear,5221.0
08/02/2019 20:35:00,EDT,Other Fossil Fuels,75.0
08/02/2019 20:35:00,EDT,Other Renewables,269.0
08/02/2019 20:35:00,EDT,Wind,53.0
08/02/2019 20:35:00,EDT,Hydro,3438.0
08/02/2019 20:40:00,EDT,Dual Fuel,7306.0
08/02/2019 20:40:00,EDT,Natural Gas,4016.0
08/02/2019 20:40:00,EDT,Nuclear,5220.0
08/02/2019 20:40:00,EDT,Other Fossil Fuels,75.0
08/02/2019 20:40:00,EDT,Other Renewables,270.0
08/02/2019 20:40:00,EDT,Wind,44.0
08/02/2019 20:40:00,EDT,Hydro,3441.0
08/02/2019 20:45:00,EDT,Dual Fuel,7294.0
08/02/2019 20:45:00,EDT,Natural Gas,4070.0
08/02/2019 20:45:00,EDT,Nuclear,5219.0
08/02/2019 20:45:00,EDT,Other Fossil Fuels,70.0
08/02/2019 20:45:00,EDT,Other Renewables,266.0
08/02/2019 20:45:00,EDT,Wind,42.0
08/02/2019 20:45:00,EDT,Hydro,3439.0
08/02/2019 20:50:00,EDT,Dual Fuel,7258.0
08/02/2019 20:50:00,EDT,Natural Gas,4093.0
08/02/2019 20:50:00,EDT,Nuclear,5220.0
08/02/2019 20:50:00,EDT,Other Fossil Fuels,67.0
08/02/2019 20:50:00,EDT,Other Renewables,267.0
08/02/2019 20:50:00,EDT,Wind,39.0
08/02/2019 20:50:00,EDT,Hydro,3458.0
08/02/2019 20:55:00,EDT,Dual Fuel,7252.0
08/02/2019 20:55:00,EDT,Natural Gas,4097.0
08/02/2019 20:55:00,EDT,Nuclear,5219.0
08/02/2019 20:55:00,EDT,Other Fossil Fuels,67.0
08/02/2019 20:55:00,EDT,Other Renewables,269.0
08/02/2019 20:55:00,EDT,Wind,36.0
08/02/2019 20:55:00,EDT,Hydro,3492.0
08/02/2019 21:00:00,EDT,Dual Fuel,7211.0
08/02/2019 21:00:00,EDT,Natural Gas,4049.0
08/02/2019 21:00:00,EDT,Nuclear,5220.0
08/02/2019 21:00:00,EDT,Other Fossil Fuels,68.0
08/02/2019 21:00:00,EDT,Other Renewables,266.0
08/02/2019 21:00:00,EDT,Wind,35.0
08/02/2019 21:00:00,EDT,Hydro,3555.0
08/02/2019 21:05:00,EDT,Dual Fuel,7156.0
08/02/2019 21:05:00,EDT,Natural Gas,4028.0
08/02/2019 21:05:00,EDT,Nuclear,5219.0
08/02/2019 21:05:00,EDT,Other Fossil Fuels,67.0
08/02/2019 21:05:00,EDT,Other Renewables,265.0
08/02/2019 21:05:00,EDT,Wind,33.0
08/02/2019 21:05:00,EDT,Hydro,3624.0
08/02/2019 21:10:00,EDT,Dual Fuel,7122.0
08/02/2019 21:10:00,EDT,Natural Gas,4020.0
08/02/2019 21:10:00,EDT,Nuclear,5219.0
08/02/2019 21:10:00,EDT,Other Fossil Fuels,68.0
08/02/2019 21:10:00,EDT,Other Renewables,268.0
08/02/2019 21:10:00,EDT,Wind,32.0
08/02/2019 21:10:00,EDT,Hydro,3615.0
08/02/2019 21:15:00,EDT,Dual Fuel,7112.0
08/02/2019 21:15:00,EDT,Natural Gas,4032.0
08/02/2019 21:15:00,EDT,Nuclear,5220.0
08/02/2019 21:15:00,EDT,Other Fossil Fuels,67.0
08/02/2019 21:15:00,EDT,Other Renewables,268.0
08/02/2019 21:15:00,EDT,Wind,30.0
08/02/2019 21:15:00,EDT,Hydro,3542.0
08/02/2019 21:20:00,EDT,Dual Fuel,7094.0
08/02/2019 21:20:00,EDT,Natural Gas,4055.0
08/02/2019 21:20:00,EDT,Nuclear,5219.0
08/02/2019 21:20:00,EDT,Other Fossil Fuels,67.0
08/02/2019 21:20:00,EDT,Other Renewables,267.0
08/02/2019 21:20:00,EDT,Wind,31.0
08/02/2019 21:20:00,EDT,Hydro,3470.0
08/02/2019 21:25:00,EDT,Dual Fuel,7076.0
08/02/2019 21:25:00,EDT,Natural Gas,4061.0
08/02/2019 21:25:00,EDT,Nuclear,5219.0
08/02/2019 21:25:00,EDT,Other Fossil Fuels,68.0
08/02/2019 21:25:00,EDT,Other Renewables,268.0
08/02/2019 21:25:00,EDT,Wind,33.0
08/02/2019 21:25:00,EDT,Hydro,3368.0
08/02/2019 21:30:00,EDT,Dual Fuel,6948.0
08/02/2019 21:30:00,EDT,Natural Gas,4013.0
08/02/2019 21:30:00,EDT,Nuclear,5219.0
08/02/2019 21:30:00,EDT,Other Fossil Fuels,69.0
08/02/2019 21:30:00,EDT,Other Renewables,268.0
08/02/2019 21:30:00,EDT,Wind,31.0
08/02/2019 21:30:00,EDT,Hydro,3417.0
08/02/2019 21:35:00,EDT,Dual Fuel,6655.0
08/02/2019 21:35:00,EDT,Natural Gas,4002.0
08/02/2019 21:35:00,EDT,Nuclear,5220.0
08/02/2019 21:35:00,EDT,Other Fossil Fuels,72.0
08/02/2019 21:35:00,EDT,Other Renewables,267.0
08/02/2019 21:35:00,EDT,Wind,30.0
08/02/2019 21:35:00,EDT,Hydro,3528.0
08/02/2019 21:40:00,EDT,Dual Fuel,6588.0
08/02/2019 21:40:00,EDT,Natural Gas,3908.0
08/02/2019 21:40:00,EDT,Nuclear,5220.0
08/02/2019 21:40:00,EDT,Other Fossil Fuels,67.0
08/02/2019 21:40:00,EDT,Other Renewables,265.0
08/02/2019 21:40:00,EDT,Wind,30.0
08/02/2019 21:40:00,EDT,Hydro,3526.0
08/02/2019 21:45:00,EDT,Dual Fuel,6504.0
08/02/2019 21:45:00,EDT,Natural Gas,3932.0
08/02/2019 21:45:00,EDT,Nuclear,5220.0
08/02/2019 21:45:00,EDT,Other Fossil Fuels,67.0
08/02/2019 21:45:00,EDT,Other Renewables,266.0
08/02/2019 21:45:00,EDT,Wind,30.0
08/02/2019 21:45:00,EDT,Hydro,3466.0
08/02/2019 21:50:00,EDT,Dual Fuel,6396.0
08/02/2019 21:50:00,EDT,Natural Gas,3899.0
08/02/2019 21:50:00,EDT,Nuclear,5221.0
08/02/2019 21:50:00,EDT,Other Fossil Fuels,68.0
08/02/2019 21:50:00,EDT,Other Renewables,266.0
08/02/2019 21:50:00,EDT,Wind,26.0
08/02/2019 21:50:00,EDT,Hydro,3387.0
08/02/2019 21:55:00,EDT,Dual Fuel,6268.0
08/02/2019 21:55:00,EDT,Natural Gas,3865.0
08/02/2019 21:55:00,EDT,Nuclear,5220.0
08/02/2019 21:55:00,EDT,Other Fossil Fuels,67.0
08/02/2019 21:55:00,EDT,Other Renewables,268.0
08/02/2019 21:55:00,EDT,Wind,26.0
08/02/2019 21:55:00,EDT,Hydro,3345.0
08/02/2019 22:00:00,EDT,Dual Fuel,6144.0
08/02/2019 22:00:00,EDT,Natural Gas,3872.0
08/02/2019 22:00:00,EDT,Nuclear,5219.0
08/02/2019 22:00:00,EDT,Other Fossil Fuels,68.0
08/02/2019 22:00:00,EDT,Other Renewables,264.0
08/02/2019 22:00:00,EDT,Wind,25.0
08/02/2019 22:00:00,EDT,Hydro,3360.0
08/02/2019 22:05:00,EDT,Dual Fuel,5982.0
08/02/2019 22:05:00,EDT,Natural Gas,3754.0
08/02/2019 22:05:00,EDT,Nuclear,5219.0
08/02/2019 22:05:00,EDT,Other Fossil Fuels,68.0
08/02/2019 22:05:00,EDT,Other Renewables,266.0
08/02/2019 22:05:00,EDT,Wind,24.0
08/02/2019 22:05:00,EDT,Hydro,3355.0
08/02/2019 22:10:00,EDT,Dual Fuel,5848.0
08/02/2019 22:10:00,EDT,Natural Gas,3712.0
08/02/2019 22:10:00,EDT,Nuclear,5220.0
08/02/2019 22:10:00,EDT,Other Fossil Fuels,68.0
08/02/2019 22:10:00,EDT,Other Renewables,268.0
08/02/2019 22:10:00,EDT,Wind,23.0
08/02/2019 22:10:00,EDT,Hydro,3310.0
08/02/2019 22:15:00,EDT,Dual Fuel,5649.0
08/02/2019 22:15:00,EDT,Natural Gas,3701.0
08/02/2019 22:15:00,EDT,Nuclear,5217.0
08/02/2019 22:15:00,EDT,Other Fossil Fuels,67.0
08/02/2019 22:15:00,EDT,Other Renewables,270.0
08/02/2019 22:15:00,EDT,Wind,22.0
08/02/2019 22:15:00,EDT,Hydro,3313.0
08/02/2019 22:20:00,EDT,Dual Fuel,5459.0
08/02/2019 22:20:00,EDT,Natural Gas,3730.0
08/02/2019 22:20:00,EDT,Nuclear,5217.0
08/02/2019 22:20:00,EDT,Other Fossil Fuels,67.0
08/02/2019 22:20:00,EDT,Other Renewables,273.0
08/02/2019 22:20:00,EDT,Wind,23.0
08/02/2019 22:20:00,EDT,Hydro,3246.0
08/02/2019 22:25:00,EDT,Dual Fuel,5287.0
08/02/2019 22:25:00,EDT,Natural Gas,3773.0
08/02/2019 22:25:00,EDT,Nuclear,5216.0
08/02/2019 22:25:00,EDT,Other Fossil Fuels,68.0
08/02/2019 22:25:00,EDT,Other Renewables,272.0
08/02/2019 22:25:00,EDT,Wind,23.0
08/02/2019 22:25:00,EDT,Hydro,3248.0
08/02/2019 22:30:00,EDT,Dual Fuel,5238.0
08/02/2019 22:30:00,EDT,Natural Gas,3783.0
08/02/2019 22:30:00,EDT,Nuclear,5215.0
08/02/2019 22:30:00,EDT,Other Fossil Fuels,67.0
08/02/2019 22:30:00,EDT,Other Renewables,269.0
08/02/2019 22:30:00,EDT,Wind,22.0
08/02/2019 22:30:00,EDT,Hydro,3258.0
08/02/2019 22:35:00,EDT,Dual Fuel,5158.0
08/02/2019 22:35:00,EDT,Natural Gas,3745.0
08/02/2019 22:35:00,EDT,Nuclear,5217.0
08/02/2019 22:35:00,EDT,Other Fossil Fuels,67.0
08/02/2019 22:35:00,EDT,Other Renewables,268.0
08/02/2019 22:35:00,EDT,Wind,22.0
08/02/2019 22:35:00,EDT,Hydro,3295.0
08/02/2019 22:40:00,EDT,Dual Fuel,5075.0
08/02/2019 22:40:00,EDT,Natural Gas,3713.0
08/02/2019 22:40:00,EDT,Nuclear,5215.0
08/02/2019 22:40:00,EDT,Other Fossil Fuels,68.0
08/02/2019 22:40:00,EDT,Other Renewables,266.0
08/02/2019 22:40:00,EDT,Wind,23.0
08/02/2019 22:40:00,EDT,Hydro,3289.0
08/02/2019 22:45:00,EDT,Dual Fuel,4996.0
08/02/2019 22:45:00,EDT,Natural Gas,3672.0
08/02/2019 22:45:00,EDT,Nuclear,5216.0
08/02/2019 22:45:00,EDT,Other Fossil Fuels,67.0
08/02/2019 22:45:00,EDT,Other Renewables,265.0
08/02/2019 22:45:00,EDT,Wind,24.0
08/02/2019 22:45:00,EDT,Hydro,3289.0
08/02/2019 22:50:00,EDT,Dual Fuel,4896.0
08/02/2019 22:50:00,EDT,Natural Gas,3681.0
08/02/2019 22:50:00,EDT,Nuclear,5219.0
08/02/2019 22:50:00,EDT,Other Fossil Fuels,67.0
08/02/2019 22:50:00,EDT,Other Renewables,261.0
08/02/2019 22:50:00,EDT,Wind,24.0
08/02/2019 22:50:00,EDT,Hydro,3225.0
08/02/2019 22:55:00,EDT,Dual Fuel,4873.0
08/02/2019 22:55:00,EDT,Natural Gas,3711.0
08/02/2019 22:55:00,EDT,Nuclear,5217.0
08/02/2019 22:55:00,EDT,Other Fossil Fuels,67.0
08/02/2019 22:55:00,EDT,Other Renewables,262.0
08/02/2019 22:55:00,EDT,Wind,23.0
08/02/2019 22:55:00,EDT,Hydro,3106.0
08/02/2019 23:00:00,EDT,Dual Fuel,4813.0
08/02/2019 23:00:00,EDT,Natural Gas,3686.0
08/02/2019 23:00:00,EDT,Nuclear,5214.0
08/02/2019 23:00:00,EDT,Other Fossil Fuels,67.0
08/02/2019 23:00:00,EDT,Other Renewables,261.0
08/02/2019 23:00:00,EDT,Wind,22.0
08/02/2019 23:00:00,EDT,Hydro,3027.0
08/02/2019 23:05:00,EDT,Dual Fuel,4790.0
08/02/2019 23:05:00,EDT,Natural Gas,3645.0
08/02/2019 23:05:00,EDT,Nuclear,5216.0
08/02/2019 23:05:00,EDT,Other Fossil Fuels,68.0
08/02/2019 23:05:00,EDT,Other Renewables,261.0
08/02/2019 23:05:00,EDT,Wind,22.0
08/02/2019 23:05:00,EDT,Hydro,2861.0
08/02/2019 23:10:00,EDT,Dual Fuel,4773.0
08/02/2019 23:10:00,EDT,Natural Gas,3603.0
08/02/2019 23:10:00,EDT,Nuclear,5216.0
08/02/2019 23:10:00,EDT,Other Fossil Fuels,67.0
08/02/2019 23:10:00,EDT,Other Renewables,263.0
08/02/2019 23:10:00,EDT,Wind,20.0
08/02/2019 23:10:00,EDT,Hydro,2786.0
08/02/2019 23:15:00,EDT,Dual Fuel,4732.0
08/02/2019 23:15:00,EDT,Natural Gas,3580.0
08/02/2019 23:15:00,EDT,Nuclear,5217.0
08/02/2019 23:15:00,EDT,Other Fossil Fuels,68.0
08/02/2019 23:15:00,EDT,Other Renewables,269.0
08/02/2019 23:15:00,EDT,Wind,23.0
08/02/2019 23:15:00,EDT,Hydro,2768.0
08/02/2019 23:20:00,EDT,Dual Fuel,4776.0
08/02/2019 23:20:00,EDT,Natural Gas,3516.0
08/02/2019 23:20:00,EDT,Nuclear,5220.0
08/02/2019 23:20:00,EDT,Other Fossil Fuels,68.0
08/02/2019 23:20:00,EDT,Other Renewables,267.0
08/02/2019 23:20:00,EDT,Wind,24.0
08/02/2019 23:20:00,EDT,Hydro,2766.0
08/02/2019 23:25:00,EDT,Dual Fuel,4699.0
08/02/2019 23:25:00,EDT,Natural Gas,3451.0
08/02/2019 23:25:00,EDT,Nuclear,5223.0
08/02/2019 23:25:00,EDT,Other Fossil Fuels,67.0
08/02/2019 23:25:00,EDT,Other Renewables,267.0
08/02/2019 23:25:00,EDT,Wind,26.0
08/02/2019 23:25:00,EDT,Hydro,2766.0
08/02/2019 23:30:00,EDT,Dual Fuel,4649.0
08/02/2019 23:30:00,EDT,Natural Gas,3430.0
08/02/2019 23:30:00,EDT,Nuclear,5222.0
08/02/2019 23:30:00,EDT,Other Fossil Fuels,67.0
08/02/2019 23:30:00,EDT,Other Renewables,267.0
08/02/2019 23:30:00,EDT,Wind,32.0
08/02/2019 23:30:00,EDT,Hydro,2756.0
08/02/2019 23:35:00,EDT,Dual Fuel,4671.0
08/02/2019 23:35:00,EDT,Natural Gas,3401.0
08/02/2019 23:35:00,EDT,Nuclear,5224.0
08/02/2019 23:35:00,EDT,Other Fossil Fuels,67.0
08/02/2019 23:35:00,EDT,Other Renewables,268.0
08/02/2019 23:35:00,EDT,Wind,37.0
08/02/2019 23:35:00,EDT,Hydro,2754.0
08/02/2019 23:40:00,EDT,Dual Fuel,4658.0
08/02/2019 23:40:00,EDT,Natural Gas,3333.0
08/02/2019 23:40:00,EDT,Nuclear,5227.0
08/02/2019 23:40:00,EDT,Other Fossil Fuels,65.0
08/02/2019 23:40:00,EDT,Other Renewables,271.0
08/02/2019 23:40:00,EDT,Wind,40.0
08/02/2019 23:40:00,EDT,Hydro,2760.0
08/02/2019 23:45:00,EDT,Dual Fuel,4573.0
08/02/2019 23:45:00,EDT,Natural Gas,3233.0
08/02/2019 23:45:00,EDT,Nuclear,5227.0
08/02/2019 23:45:00,EDT,Other Fossil Fuels,51.0
08/02/2019 23:45:00,EDT,Other Renewables,271.0
08/02/2019 23:45:00,EDT,Wind,42.0
08/02/2019 23:45:00,EDT,Hydro,2762.0
08/02/2019 23:50:00,EDT,Dual Fuel,4458.0
08/02/2019 23:50:00,EDT,Natural Gas,3162.0
08/02/2019 23:50:00,EDT,Nuclear,5228.0
08/02/2019 23:50:00,EDT,Other Fossil Fuels,51.0
08/02/2019 23:50:00,EDT,Other Renewables,266.0
08/02/2019 23:50:00,EDT,Wind,42.0
08/02/2019 23:50:00,EDT,Hydro,2763.0
08/02/2019 23:55:00,EDT,Dual Fuel,4333.0
08/02/2019 23:55:00,EDT,Natural Gas,3106.0
08/02/2019 23:55:00,EDT,Nuclear,5229.0
08/02/2019 23:55:00,EDT,Other Fossil Fuels,50.0
08/02/2019 23:55:00,EDT,Other Renewables,267.0
08/02/2019 23:55:00,EDT,Wind,42.0
08/02/2019 23:55:00,EDT,Hydro,2759.0
