Time Stamp,Time Zone,Fuel Category,Gen MW
06/28/2021 00:05:00,EDT,Dual Fuel,5372.0
06/28/2021 00:05:00,EDT,Natural Gas,4013.0
06/28/2021 00:05:00,EDT,Nuclear,3270.0
06/28/2021 00:05:00,EDT,Other Fossil Fuels,2.0
06/28/2021 00:05:00,EDT,Other Renewables,253.0
06/28/2021 00:05:00,EDT,Wind,975.0
06/28/2021 00:05:00,EDT,Hydro,2605.0
06/28/2021 00:10:00,EDT,Dual Fuel,5372.0
06/28/2021 00:10:00,EDT,Natural Gas,3920.0
06/28/2021 00:10:00,EDT,Nuclear,3269.0
06/28/2021 00:10:00,EDT,Other Fossil Fuels,2.0
06/28/2021 00:10:00,EDT,Other Renewables,258.0
06/28/2021 00:10:00,EDT,Wind,962.0
06/28/2021 00:10:00,EDT,Hydro,2582.0
06/28/2021 00:15:00,EDT,Dual Fuel,5338.0
06/28/2021 00:15:00,EDT,Natural Gas,3835.0
06/28/2021 00:15:00,EDT,Nuclear,3268.0
06/28/2021 00:15:00,EDT,Other Fossil Fuels,2.0
06/28/2021 00:15:00,EDT,Other Renewables,256.0
06/28/2021 00:15:00,EDT,Wind,938.0
06/28/2021 00:15:00,EDT,Hydro,2602.0
06/28/2021 00:20:00,EDT,Dual Fuel,5303.0
06/28/2021 00:20:00,EDT,Natural Gas,3798.0
06/28/2021 00:20:00,EDT,Nuclear,3270.0
06/28/2021 00:20:00,EDT,Other Fossil Fuels,2.0
06/28/2021 00:20:00,EDT,Other Renewables,255.0
06/28/2021 00:20:00,EDT,Wind,926.0
06/28/2021 00:20:00,EDT,Hydro,2589.0
06/28/2021 00:25:00,EDT,Dual Fuel,5280.0
06/28/2021 00:25:00,EDT,Natural Gas,3795.0
06/28/2021 00:25:00,EDT,Nuclear,3270.0
06/28/2021 00:25:00,EDT,Other Fossil Fuels,3.0
06/28/2021 00:25:00,EDT,Other Renewables,256.0
06/28/2021 00:25:00,EDT,Wind,938.0
06/28/2021 00:25:00,EDT,Hydro,2515.0
06/28/2021 00:30:00,EDT,Dual Fuel,5247.0
06/28/2021 00:30:00,EDT,Natural Gas,3745.0
06/28/2021 00:30:00,EDT,Nuclear,3269.0
06/28/2021 00:30:00,EDT,Other Fossil Fuels,3.0
06/28/2021 00:30:00,EDT,Other Renewables,256.0
06/28/2021 00:30:00,EDT,Wind,952.0
06/28/2021 00:30:00,EDT,Hydro,2465.0
06/28/2021 00:35:00,EDT,Dual Fuel,5155.0
06/28/2021 00:35:00,EDT,Natural Gas,3677.0
06/28/2021 00:35:00,EDT,Nuclear,3270.0
06/28/2021 00:35:00,EDT,Other Fossil Fuels,2.0
06/28/2021 00:35:00,EDT,Other Renewables,258.0
06/28/2021 00:35:00,EDT,Wind,941.0
06/28/2021 00:35:00,EDT,Hydro,2394.0
06/28/2021 00:40:00,EDT,Dual Fuel,5054.0
06/28/2021 00:40:00,EDT,Natural Gas,3608.0
06/28/2021 00:40:00,EDT,Nuclear,3273.0
06/28/2021 00:40:00,EDT,Other Fossil Fuels,3.0
06/28/2021 00:40:00,EDT,Other Renewables,257.0
06/28/2021 00:40:00,EDT,Wind,942.0
06/28/2021 00:40:00,EDT,Hydro,2296.0
06/28/2021 00:45:00,EDT,Dual Fuel,4986.0
06/28/2021 00:45:00,EDT,Natural Gas,3567.0
06/28/2021 00:45:00,EDT,Nuclear,3270.0
06/28/2021 00:45:00,EDT,Other Fossil Fuels,3.0
06/28/2021 00:45:00,EDT,Other Renewables,255.0
06/28/2021 00:45:00,EDT,Wind,944.0
06/28/2021 00:45:00,EDT,Hydro,2316.0
06/28/2021 00:50:00,EDT,Dual Fuel,4934.0
06/28/2021 00:50:00,EDT,Natural Gas,3523.0
06/28/2021 00:50:00,EDT,Nuclear,3271.0
06/28/2021 00:50:00,EDT,Other Fossil Fuels,2.0
06/28/2021 00:50:00,EDT,Other Renewables,252.0
06/28/2021 00:50:00,EDT,Wind,950.0
06/28/2021 00:50:00,EDT,Hydro,2244.0
06/28/2021 00:55:00,EDT,Dual Fuel,4845.0
06/28/2021 00:55:00,EDT,Natural Gas,3517.0
06/28/2021 00:55:00,EDT,Nuclear,3271.0
06/28/2021 00:55:00,EDT,Other Fossil Fuels,3.0
06/28/2021 00:55:00,EDT,Other Renewables,254.0
06/28/2021 00:55:00,EDT,Wind,954.0
06/28/2021 00:55:00,EDT,Hydro,2177.0
06/28/2021 01:00:00,EDT,Dual Fuel,4784.0
06/28/2021 01:00:00,EDT,Natural Gas,3533.0
06/28/2021 01:00:00,EDT,Nuclear,3271.0
06/28/2021 01:00:00,EDT,Other Fossil Fuels,2.0
06/28/2021 01:00:00,EDT,Other Renewables,254.0
06/28/2021 01:00:00,EDT,Wind,951.0
06/28/2021 01:00:00,EDT,Hydro,2223.0
06/28/2021 01:05:00,EDT,Dual Fuel,4879.0
06/28/2021 01:05:00,EDT,Natural Gas,3546.0
06/28/2021 01:05:00,EDT,Nuclear,3270.0
06/28/2021 01:05:00,EDT,Other Fossil Fuels,2.0
06/28/2021 01:05:00,EDT,Other Renewables,254.0
06/28/2021 01:05:00,EDT,Wind,940.0
06/28/2021 01:05:00,EDT,Hydro,2328.0
06/28/2021 01:10:00,EDT,Dual Fuel,4897.0
06/28/2021 01:10:00,EDT,Natural Gas,3565.0
06/28/2021 01:10:00,EDT,Nuclear,3273.0
06/28/2021 01:10:00,EDT,Other Fossil Fuels,2.0
06/28/2021 01:10:00,EDT,Other Renewables,254.0
06/28/2021 01:10:00,EDT,Wind,925.0
06/28/2021 01:10:00,EDT,Hydro,2356.0
06/28/2021 01:15:00,EDT,Dual Fuel,4867.0
06/28/2021 01:15:00,EDT,Natural Gas,3573.0
06/28/2021 01:15:00,EDT,Nuclear,3273.0
06/28/2021 01:15:00,EDT,Other Fossil Fuels,2.0
06/28/2021 01:15:00,EDT,Other Renewables,254.0
06/28/2021 01:15:00,EDT,Wind,918.0
06/28/2021 01:15:00,EDT,Hydro,2387.0
06/28/2021 01:20:00,EDT,Dual Fuel,4854.0
06/28/2021 01:20:00,EDT,Natural Gas,3542.0
06/28/2021 01:20:00,EDT,Nuclear,3273.0
06/28/2021 01:20:00,EDT,Other Fossil Fuels,2.0
06/28/2021 01:20:00,EDT,Other Renewables,253.0
06/28/2021 01:20:00,EDT,Wind,903.0
06/28/2021 01:20:00,EDT,Hydro,2363.0
06/28/2021 01:25:00,EDT,Dual Fuel,4804.0
06/28/2021 01:25:00,EDT,Natural Gas,3532.0
06/28/2021 01:25:00,EDT,Nuclear,3269.0
06/28/2021 01:25:00,EDT,Other Fossil Fuels,3.0
06/28/2021 01:25:00,EDT,Other Renewables,254.0
06/28/2021 01:25:00,EDT,Wind,893.0
06/28/2021 01:25:00,EDT,Hydro,2359.0
06/28/2021 01:30:00,EDT,Dual Fuel,4740.0
06/28/2021 01:30:00,EDT,Natural Gas,3553.0
06/28/2021 01:30:00,EDT,Nuclear,3272.0
06/28/2021 01:30:00,EDT,Other Fossil Fuels,2.0
06/28/2021 01:30:00,EDT,Other Renewables,253.0
06/28/2021 01:30:00,EDT,Wind,893.0
06/28/2021 01:30:00,EDT,Hydro,2340.0
06/28/2021 01:35:00,EDT,Dual Fuel,4709.0
06/28/2021 01:35:00,EDT,Natural Gas,3575.0
06/28/2021 01:35:00,EDT,Nuclear,3270.0
06/28/2021 01:35:00,EDT,Other Fossil Fuels,2.0
06/28/2021 01:35:00,EDT,Other Renewables,252.0
06/28/2021 01:35:00,EDT,Wind,897.0
06/28/2021 01:35:00,EDT,Hydro,2326.0
06/28/2021 01:40:00,EDT,Dual Fuel,4655.0
06/28/2021 01:40:00,EDT,Natural Gas,3585.0
06/28/2021 01:40:00,EDT,Nuclear,3271.0
06/28/2021 01:40:00,EDT,Other Fossil Fuels,3.0
06/28/2021 01:40:00,EDT,Other Renewables,254.0
06/28/2021 01:40:00,EDT,Wind,895.0
06/28/2021 01:40:00,EDT,Hydro,2333.0
06/28/2021 01:45:00,EDT,Dual Fuel,4601.0
06/28/2021 01:45:00,EDT,Natural Gas,3586.0
06/28/2021 01:45:00,EDT,Nuclear,3273.0
06/28/2021 01:45:00,EDT,Other Fossil Fuels,3.0
06/28/2021 01:45:00,EDT,Other Renewables,255.0
06/28/2021 01:45:00,EDT,Wind,879.0
06/28/2021 01:45:00,EDT,Hydro,2310.0
06/28/2021 01:50:00,EDT,Dual Fuel,4503.0
06/28/2021 01:50:00,EDT,Natural Gas,3585.0
06/28/2021 01:50:00,EDT,Nuclear,3272.0
06/28/2021 01:50:00,EDT,Other Fossil Fuels,3.0
06/28/2021 01:50:00,EDT,Other Renewables,254.0
06/28/2021 01:50:00,EDT,Wind,865.0
06/28/2021 01:50:00,EDT,Hydro,2323.0
06/28/2021 01:55:00,EDT,Dual Fuel,4431.0
06/28/2021 01:55:00,EDT,Natural Gas,3572.0
06/28/2021 01:55:00,EDT,Nuclear,3273.0
06/28/2021 01:55:00,EDT,Other Fossil Fuels,2.0
06/28/2021 01:55:00,EDT,Other Renewables,254.0
06/28/2021 01:55:00,EDT,Wind,852.0
06/28/2021 01:55:00,EDT,Hydro,2331.0
06/28/2021 02:00:00,EDT,Dual Fuel,4425.0
06/28/2021 02:00:00,EDT,Natural Gas,3509.0
06/28/2021 02:00:00,EDT,Nuclear,3273.0
06/28/2021 02:00:00,EDT,Other Fossil Fuels,3.0
06/28/2021 02:00:00,EDT,Other Renewables,253.0
06/28/2021 02:00:00,EDT,Wind,835.0
06/28/2021 02:00:00,EDT,Hydro,2336.0
06/28/2021 02:05:00,EDT,Dual Fuel,4451.0
06/28/2021 02:05:00,EDT,Natural Gas,3426.0
06/28/2021 02:05:00,EDT,Nuclear,3272.0
06/28/2021 02:05:00,EDT,Other Fossil Fuels,2.0
06/28/2021 02:05:00,EDT,Other Renewables,256.0
06/28/2021 02:05:00,EDT,Wind,835.0
06/28/2021 02:05:00,EDT,Hydro,2315.0
06/28/2021 02:10:00,EDT,Dual Fuel,4382.0
06/28/2021 02:10:00,EDT,Natural Gas,3377.0
06/28/2021 02:10:00,EDT,Nuclear,3272.0
06/28/2021 02:10:00,EDT,Other Fossil Fuels,3.0
06/28/2021 02:10:00,EDT,Other Renewables,255.0
06/28/2021 02:10:00,EDT,Wind,841.0
06/28/2021 02:10:00,EDT,Hydro,2259.0
06/28/2021 02:15:00,EDT,Dual Fuel,4384.0
06/28/2021 02:15:00,EDT,Natural Gas,3375.0
06/28/2021 02:15:00,EDT,Nuclear,3273.0
06/28/2021 02:15:00,EDT,Other Fossil Fuels,2.0
06/28/2021 02:15:00,EDT,Other Renewables,252.0
06/28/2021 02:15:00,EDT,Wind,841.0
06/28/2021 02:15:00,EDT,Hydro,2282.0
06/28/2021 02:20:00,EDT,Dual Fuel,4398.0
06/28/2021 02:20:00,EDT,Natural Gas,3409.0
06/28/2021 02:20:00,EDT,Nuclear,3274.0
06/28/2021 02:20:00,EDT,Other Fossil Fuels,3.0
06/28/2021 02:20:00,EDT,Other Renewables,253.0
06/28/2021 02:20:00,EDT,Wind,855.0
06/28/2021 02:20:00,EDT,Hydro,2243.0
06/28/2021 02:25:00,EDT,Dual Fuel,4396.0
06/28/2021 02:25:00,EDT,Natural Gas,3399.0
06/28/2021 02:25:00,EDT,Nuclear,3274.0
06/28/2021 02:25:00,EDT,Other Fossil Fuels,2.0
06/28/2021 02:25:00,EDT,Other Renewables,253.0
06/28/2021 02:25:00,EDT,Wind,855.0
06/28/2021 02:25:00,EDT,Hydro,2238.0
06/28/2021 02:30:00,EDT,Dual Fuel,4366.0
06/28/2021 02:30:00,EDT,Natural Gas,3396.0
06/28/2021 02:30:00,EDT,Nuclear,3273.0
06/28/2021 02:30:00,EDT,Other Fossil Fuels,3.0
06/28/2021 02:30:00,EDT,Other Renewables,255.0
06/28/2021 02:30:00,EDT,Wind,838.0
06/28/2021 02:30:00,EDT,Hydro,2258.0
06/28/2021 02:35:00,EDT,Dual Fuel,4372.0
06/28/2021 02:35:00,EDT,Natural Gas,3415.0
06/28/2021 02:35:00,EDT,Nuclear,3274.0
06/28/2021 02:35:00,EDT,Other Fossil Fuels,3.0
06/28/2021 02:35:00,EDT,Other Renewables,257.0
06/28/2021 02:35:00,EDT,Wind,829.0
06/28/2021 02:35:00,EDT,Hydro,2210.0
06/28/2021 02:40:00,EDT,Dual Fuel,4353.0
06/28/2021 02:40:00,EDT,Natural Gas,3408.0
06/28/2021 02:40:00,EDT,Nuclear,3275.0
06/28/2021 02:40:00,EDT,Other Fossil Fuels,3.0
06/28/2021 02:40:00,EDT,Other Renewables,253.0
06/28/2021 02:40:00,EDT,Wind,817.0
06/28/2021 02:40:00,EDT,Hydro,2205.0
06/28/2021 02:45:00,EDT,Dual Fuel,4357.0
06/28/2021 02:45:00,EDT,Natural Gas,3384.0
06/28/2021 02:45:00,EDT,Nuclear,3273.0
06/28/2021 02:45:00,EDT,Other Fossil Fuels,2.0
06/28/2021 02:45:00,EDT,Other Renewables,253.0
06/28/2021 02:45:00,EDT,Wind,821.0
06/28/2021 02:45:00,EDT,Hydro,2208.0
06/28/2021 02:50:00,EDT,Dual Fuel,4355.0
06/28/2021 02:50:00,EDT,Natural Gas,3370.0
06/28/2021 02:50:00,EDT,Nuclear,3272.0
06/28/2021 02:50:00,EDT,Other Fossil Fuels,3.0
06/28/2021 02:50:00,EDT,Other Renewables,254.0
06/28/2021 02:50:00,EDT,Wind,840.0
06/28/2021 02:50:00,EDT,Hydro,2201.0
06/28/2021 02:55:00,EDT,Dual Fuel,4340.0
06/28/2021 02:55:00,EDT,Natural Gas,3360.0
06/28/2021 02:55:00,EDT,Nuclear,3274.0
06/28/2021 02:55:00,EDT,Other Fossil Fuels,3.0
06/28/2021 02:55:00,EDT,Other Renewables,255.0
06/28/2021 02:55:00,EDT,Wind,855.0
06/28/2021 02:55:00,EDT,Hydro,2179.0
06/28/2021 03:00:00,EDT,Dual Fuel,4321.0
06/28/2021 03:00:00,EDT,Natural Gas,3363.0
06/28/2021 03:00:00,EDT,Nuclear,3272.0
06/28/2021 03:00:00,EDT,Other Fossil Fuels,2.0
06/28/2021 03:00:00,EDT,Other Renewables,254.0
06/28/2021 03:00:00,EDT,Wind,870.0
06/28/2021 03:00:00,EDT,Hydro,2117.0
06/28/2021 03:05:00,EDT,Dual Fuel,4320.0
06/28/2021 03:05:00,EDT,Natural Gas,3356.0
06/28/2021 03:05:00,EDT,Nuclear,3273.0
06/28/2021 03:05:00,EDT,Other Fossil Fuels,2.0
06/28/2021 03:05:00,EDT,Other Renewables,254.0
06/28/2021 03:05:00,EDT,Wind,868.0
06/28/2021 03:05:00,EDT,Hydro,2161.0
06/28/2021 03:10:00,EDT,Dual Fuel,4311.0
06/28/2021 03:10:00,EDT,Natural Gas,3355.0
06/28/2021 03:10:00,EDT,Nuclear,3273.0
06/28/2021 03:10:00,EDT,Other Fossil Fuels,2.0
06/28/2021 03:10:00,EDT,Other Renewables,253.0
06/28/2021 03:10:00,EDT,Wind,880.0
06/28/2021 03:10:00,EDT,Hydro,2153.0
06/28/2021 03:15:00,EDT,Dual Fuel,4305.0
06/28/2021 03:15:00,EDT,Natural Gas,3363.0
06/28/2021 03:15:00,EDT,Nuclear,3273.0
06/28/2021 03:15:00,EDT,Other Fossil Fuels,3.0
06/28/2021 03:15:00,EDT,Other Renewables,254.0
06/28/2021 03:15:00,EDT,Wind,872.0
06/28/2021 03:15:00,EDT,Hydro,2158.0
06/28/2021 03:20:00,EDT,Dual Fuel,4299.0
06/28/2021 03:20:00,EDT,Natural Gas,3321.0
06/28/2021 03:20:00,EDT,Nuclear,3271.0
06/28/2021 03:20:00,EDT,Other Fossil Fuels,3.0
06/28/2021 03:20:00,EDT,Other Renewables,257.0
06/28/2021 03:20:00,EDT,Wind,865.0
06/28/2021 03:20:00,EDT,Hydro,2114.0
06/28/2021 03:25:00,EDT,Dual Fuel,4292.0
06/28/2021 03:25:00,EDT,Natural Gas,3277.0
06/28/2021 03:25:00,EDT,Nuclear,3274.0
06/28/2021 03:25:00,EDT,Other Fossil Fuels,3.0
06/28/2021 03:25:00,EDT,Other Renewables,255.0
06/28/2021 03:25:00,EDT,Wind,866.0
06/28/2021 03:25:00,EDT,Hydro,2166.0
06/28/2021 03:30:00,EDT,Dual Fuel,4281.0
06/28/2021 03:30:00,EDT,Natural Gas,3295.0
06/28/2021 03:30:00,EDT,Nuclear,3273.0
06/28/2021 03:30:00,EDT,Other Fossil Fuels,2.0
06/28/2021 03:30:00,EDT,Other Renewables,254.0
06/28/2021 03:30:00,EDT,Wind,865.0
06/28/2021 03:30:00,EDT,Hydro,2142.0
06/28/2021 03:35:00,EDT,Dual Fuel,4268.0
06/28/2021 03:35:00,EDT,Natural Gas,3314.0
06/28/2021 03:35:00,EDT,Nuclear,3273.0
06/28/2021 03:35:00,EDT,Other Fossil Fuels,3.0
06/28/2021 03:35:00,EDT,Other Renewables,255.0
06/28/2021 03:35:00,EDT,Wind,847.0
06/28/2021 03:35:00,EDT,Hydro,2138.0
06/28/2021 03:40:00,EDT,Dual Fuel,4267.0
06/28/2021 03:40:00,EDT,Natural Gas,3319.0
06/28/2021 03:40:00,EDT,Nuclear,3273.0
06/28/2021 03:40:00,EDT,Other Fossil Fuels,2.0
06/28/2021 03:40:00,EDT,Other Renewables,253.0
06/28/2021 03:40:00,EDT,Wind,821.0
06/28/2021 03:40:00,EDT,Hydro,2137.0
06/28/2021 03:45:00,EDT,Dual Fuel,4248.0
06/28/2021 03:45:00,EDT,Natural Gas,3319.0
06/28/2021 03:45:00,EDT,Nuclear,3273.0
06/28/2021 03:45:00,EDT,Other Fossil Fuels,3.0
06/28/2021 03:45:00,EDT,Other Renewables,255.0
06/28/2021 03:45:00,EDT,Wind,814.0
06/28/2021 03:45:00,EDT,Hydro,2144.0
06/28/2021 03:50:00,EDT,Dual Fuel,4219.0
06/28/2021 03:50:00,EDT,Natural Gas,3306.0
06/28/2021 03:50:00,EDT,Nuclear,3273.0
06/28/2021 03:50:00,EDT,Other Fossil Fuels,2.0
06/28/2021 03:50:00,EDT,Other Renewables,253.0
06/28/2021 03:50:00,EDT,Wind,798.0
06/28/2021 03:50:00,EDT,Hydro,2123.0
06/28/2021 03:55:00,EDT,Dual Fuel,4162.0
06/28/2021 03:55:00,EDT,Natural Gas,3289.0
06/28/2021 03:55:00,EDT,Nuclear,3272.0
06/28/2021 03:55:00,EDT,Other Fossil Fuels,2.0
06/28/2021 03:55:00,EDT,Other Renewables,254.0
06/28/2021 03:55:00,EDT,Wind,795.0
06/28/2021 03:55:00,EDT,Hydro,2093.0
06/28/2021 04:00:00,EDT,Dual Fuel,4129.0
06/28/2021 04:00:00,EDT,Natural Gas,3267.0
06/28/2021 04:00:00,EDT,Nuclear,3274.0
06/28/2021 04:00:00,EDT,Other Fossil Fuels,3.0
06/28/2021 04:00:00,EDT,Other Renewables,252.0
06/28/2021 04:00:00,EDT,Wind,808.0
06/28/2021 04:00:00,EDT,Hydro,2134.0
06/28/2021 04:05:00,EDT,Dual Fuel,4180.0
06/28/2021 04:05:00,EDT,Natural Gas,3277.0
06/28/2021 04:05:00,EDT,Nuclear,3271.0
06/28/2021 04:05:00,EDT,Other Fossil Fuels,2.0
06/28/2021 04:05:00,EDT,Other Renewables,254.0
06/28/2021 04:05:00,EDT,Wind,810.0
06/28/2021 04:05:00,EDT,Hydro,2157.0
06/28/2021 04:10:00,EDT,Dual Fuel,4210.0
06/28/2021 04:10:00,EDT,Natural Gas,3271.0
06/28/2021 04:10:00,EDT,Nuclear,3272.0
06/28/2021 04:10:00,EDT,Other Fossil Fuels,2.0
06/28/2021 04:10:00,EDT,Other Renewables,255.0
06/28/2021 04:10:00,EDT,Wind,798.0
06/28/2021 04:10:00,EDT,Hydro,2177.0
06/28/2021 04:15:00,EDT,Dual Fuel,4221.0
06/28/2021 04:15:00,EDT,Natural Gas,3275.0
06/28/2021 04:15:00,EDT,Nuclear,3274.0
06/28/2021 04:15:00,EDT,Other Fossil Fuels,2.0
06/28/2021 04:15:00,EDT,Other Renewables,253.0
06/28/2021 04:15:00,EDT,Wind,778.0
06/28/2021 04:15:00,EDT,Hydro,2189.0
06/28/2021 04:20:00,EDT,Dual Fuel,4229.0
06/28/2021 04:20:00,EDT,Natural Gas,3271.0
06/28/2021 04:20:00,EDT,Nuclear,3270.0
06/28/2021 04:20:00,EDT,Other Fossil Fuels,2.0
06/28/2021 04:20:00,EDT,Other Renewables,252.0
06/28/2021 04:20:00,EDT,Wind,767.0
06/28/2021 04:20:00,EDT,Hydro,2174.0
06/28/2021 04:25:00,EDT,Dual Fuel,4216.0
06/28/2021 04:25:00,EDT,Natural Gas,3270.0
06/28/2021 04:25:00,EDT,Nuclear,3273.0
06/28/2021 04:25:00,EDT,Other Fossil Fuels,3.0
06/28/2021 04:25:00,EDT,Other Renewables,252.0
06/28/2021 04:25:00,EDT,Wind,764.0
06/28/2021 04:25:00,EDT,Hydro,2165.0
06/28/2021 04:30:00,EDT,Dual Fuel,4211.0
06/28/2021 04:30:00,EDT,Natural Gas,3262.0
06/28/2021 04:30:00,EDT,Nuclear,3273.0
06/28/2021 04:30:00,EDT,Other Fossil Fuels,2.0
06/28/2021 04:30:00,EDT,Other Renewables,251.0
06/28/2021 04:30:00,EDT,Wind,746.0
06/28/2021 04:30:00,EDT,Hydro,2175.0
06/28/2021 04:35:00,EDT,Dual Fuel,4231.0
06/28/2021 04:35:00,EDT,Natural Gas,3258.0
06/28/2021 04:35:00,EDT,Nuclear,3271.0
06/28/2021 04:35:00,EDT,Other Fossil Fuels,3.0
06/28/2021 04:35:00,EDT,Other Renewables,251.0
06/28/2021 04:35:00,EDT,Wind,733.0
06/28/2021 04:35:00,EDT,Hydro,2193.0
06/28/2021 04:40:00,EDT,Dual Fuel,4246.0
06/28/2021 04:40:00,EDT,Natural Gas,3241.0
06/28/2021 04:40:00,EDT,Nuclear,3272.0
06/28/2021 04:40:00,EDT,Other Fossil Fuels,3.0
06/28/2021 04:40:00,EDT,Other Renewables,251.0
06/28/2021 04:40:00,EDT,Wind,730.0
06/28/2021 04:40:00,EDT,Hydro,2222.0
06/28/2021 04:45:00,EDT,Dual Fuel,4242.0
06/28/2021 04:45:00,EDT,Natural Gas,3247.0
06/28/2021 04:45:00,EDT,Nuclear,3273.0
06/28/2021 04:45:00,EDT,Other Fossil Fuels,2.0
06/28/2021 04:45:00,EDT,Other Renewables,252.0
06/28/2021 04:45:00,EDT,Wind,712.0
06/28/2021 04:45:00,EDT,Hydro,2225.0
06/28/2021 04:50:00,EDT,Dual Fuel,4253.0
06/28/2021 04:50:00,EDT,Natural Gas,3276.0
06/28/2021 04:50:00,EDT,Nuclear,3271.0
06/28/2021 04:50:00,EDT,Other Fossil Fuels,2.0
06/28/2021 04:50:00,EDT,Other Renewables,253.0
06/28/2021 04:50:00,EDT,Wind,706.0
06/28/2021 04:50:00,EDT,Hydro,2226.0
06/28/2021 04:55:00,EDT,Dual Fuel,4290.0
06/28/2021 04:55:00,EDT,Natural Gas,3302.0
06/28/2021 04:55:00,EDT,Nuclear,3270.0
06/28/2021 04:55:00,EDT,Other Fossil Fuels,2.0
06/28/2021 04:55:00,EDT,Other Renewables,251.0
06/28/2021 04:55:00,EDT,Wind,686.0
06/28/2021 04:55:00,EDT,Hydro,2264.0
06/28/2021 05:00:00,EDT,Dual Fuel,4285.0
06/28/2021 05:00:00,EDT,Natural Gas,3296.0
06/28/2021 05:00:00,EDT,Nuclear,3274.0
06/28/2021 05:00:00,EDT,Other Fossil Fuels,2.0
06/28/2021 05:00:00,EDT,Other Renewables,250.0
06/28/2021 05:00:00,EDT,Wind,661.0
06/28/2021 05:00:00,EDT,Hydro,2224.0
06/28/2021 05:05:00,EDT,Dual Fuel,4173.0
06/28/2021 05:05:00,EDT,Natural Gas,3322.0
06/28/2021 05:05:00,EDT,Nuclear,3272.0
06/28/2021 05:05:00,EDT,Other Fossil Fuels,3.0
06/28/2021 05:05:00,EDT,Other Renewables,252.0
06/28/2021 05:05:00,EDT,Wind,651.0
06/28/2021 05:05:00,EDT,Hydro,2183.0
06/28/2021 05:10:00,EDT,Dual Fuel,4181.0
06/28/2021 05:10:00,EDT,Natural Gas,3330.0
06/28/2021 05:10:00,EDT,Nuclear,3272.0
06/28/2021 05:10:00,EDT,Other Fossil Fuels,2.0
06/28/2021 05:10:00,EDT,Other Renewables,253.0
06/28/2021 05:10:00,EDT,Wind,651.0
06/28/2021 05:10:00,EDT,Hydro,2167.0
06/28/2021 05:15:00,EDT,Dual Fuel,4178.0
06/28/2021 05:15:00,EDT,Natural Gas,3337.0
06/28/2021 05:15:00,EDT,Nuclear,3273.0
06/28/2021 05:15:00,EDT,Other Fossil Fuels,2.0
06/28/2021 05:15:00,EDT,Other Renewables,256.0
06/28/2021 05:15:00,EDT,Wind,655.0
06/28/2021 05:15:00,EDT,Hydro,2110.0
06/28/2021 05:20:00,EDT,Dual Fuel,4207.0
06/28/2021 05:20:00,EDT,Natural Gas,3348.0
06/28/2021 05:20:00,EDT,Nuclear,3270.0
06/28/2021 05:20:00,EDT,Other Fossil Fuels,3.0
06/28/2021 05:20:00,EDT,Other Renewables,254.0
06/28/2021 05:20:00,EDT,Wind,668.0
06/28/2021 05:20:00,EDT,Hydro,2158.0
06/28/2021 05:25:00,EDT,Dual Fuel,4226.0
06/28/2021 05:25:00,EDT,Natural Gas,3364.0
06/28/2021 05:25:00,EDT,Nuclear,3274.0
06/28/2021 05:25:00,EDT,Other Fossil Fuels,2.0
06/28/2021 05:25:00,EDT,Other Renewables,254.0
06/28/2021 05:25:00,EDT,Wind,669.0
06/28/2021 05:25:00,EDT,Hydro,2172.0
06/28/2021 05:30:00,EDT,Dual Fuel,4229.0
06/28/2021 05:30:00,EDT,Natural Gas,3397.0
06/28/2021 05:30:00,EDT,Nuclear,3272.0
06/28/2021 05:30:00,EDT,Other Fossil Fuels,2.0
06/28/2021 05:30:00,EDT,Other Renewables,253.0
06/28/2021 05:30:00,EDT,Wind,658.0
06/28/2021 05:30:00,EDT,Hydro,2161.0
06/28/2021 05:35:00,EDT,Dual Fuel,4205.0
06/28/2021 05:35:00,EDT,Natural Gas,3413.0
06/28/2021 05:35:00,EDT,Nuclear,3271.0
06/28/2021 05:35:00,EDT,Other Fossil Fuels,3.0
06/28/2021 05:35:00,EDT,Other Renewables,255.0
06/28/2021 05:35:00,EDT,Wind,639.0
06/28/2021 05:35:00,EDT,Hydro,2086.0
06/28/2021 05:40:00,EDT,Dual Fuel,4211.0
06/28/2021 05:40:00,EDT,Natural Gas,3419.0
06/28/2021 05:40:00,EDT,Nuclear,3271.0
06/28/2021 05:40:00,EDT,Other Fossil Fuels,2.0
06/28/2021 05:40:00,EDT,Other Renewables,249.0
06/28/2021 05:40:00,EDT,Wind,620.0
06/28/2021 05:40:00,EDT,Hydro,2100.0
06/28/2021 05:45:00,EDT,Dual Fuel,4170.0
06/28/2021 05:45:00,EDT,Natural Gas,3412.0
06/28/2021 05:45:00,EDT,Nuclear,3270.0
06/28/2021 05:45:00,EDT,Other Fossil Fuels,3.0
06/28/2021 05:45:00,EDT,Other Renewables,248.0
06/28/2021 05:45:00,EDT,Wind,616.0
06/28/2021 05:45:00,EDT,Hydro,2144.0
06/28/2021 05:50:00,EDT,Dual Fuel,4094.0
06/28/2021 05:50:00,EDT,Natural Gas,3407.0
06/28/2021 05:50:00,EDT,Nuclear,3271.0
06/28/2021 05:50:00,EDT,Other Fossil Fuels,2.0
06/28/2021 05:50:00,EDT,Other Renewables,245.0
06/28/2021 05:50:00,EDT,Wind,599.0
06/28/2021 05:50:00,EDT,Hydro,2267.0
06/28/2021 05:55:00,EDT,Dual Fuel,4086.0
06/28/2021 05:55:00,EDT,Natural Gas,3415.0
06/28/2021 05:55:00,EDT,Nuclear,3271.0
06/28/2021 05:55:00,EDT,Other Fossil Fuels,2.0
06/28/2021 05:55:00,EDT,Other Renewables,247.0
06/28/2021 05:55:00,EDT,Wind,581.0
06/28/2021 05:55:00,EDT,Hydro,2384.0
06/28/2021 06:00:00,EDT,Dual Fuel,4105.0
06/28/2021 06:00:00,EDT,Natural Gas,3435.0
06/28/2021 06:00:00,EDT,Nuclear,3272.0
06/28/2021 06:00:00,EDT,Other Fossil Fuels,3.0
06/28/2021 06:00:00,EDT,Other Renewables,249.0
06/28/2021 06:00:00,EDT,Wind,556.0
06/28/2021 06:00:00,EDT,Hydro,2474.0
06/28/2021 06:05:00,EDT,Dual Fuel,4181.0
06/28/2021 06:05:00,EDT,Natural Gas,3478.0
06/28/2021 06:05:00,EDT,Nuclear,3271.0
06/28/2021 06:05:00,EDT,Other Fossil Fuels,2.0
06/28/2021 06:05:00,EDT,Other Renewables,245.0
06/28/2021 06:05:00,EDT,Wind,532.0
06/28/2021 06:05:00,EDT,Hydro,2582.0
06/28/2021 06:10:00,EDT,Dual Fuel,4299.0
06/28/2021 06:10:00,EDT,Natural Gas,3533.0
06/28/2021 06:10:00,EDT,Nuclear,3272.0
06/28/2021 06:10:00,EDT,Other Fossil Fuels,3.0
06/28/2021 06:10:00,EDT,Other Renewables,245.0
06/28/2021 06:10:00,EDT,Wind,505.0
06/28/2021 06:10:00,EDT,Hydro,2685.0
06/28/2021 06:15:00,EDT,Dual Fuel,4335.0
06/28/2021 06:15:00,EDT,Natural Gas,3576.0
06/28/2021 06:15:00,EDT,Nuclear,3275.0
06/28/2021 06:15:00,EDT,Other Fossil Fuels,2.0
06/28/2021 06:15:00,EDT,Other Renewables,250.0
06/28/2021 06:15:00,EDT,Wind,495.0
06/28/2021 06:15:00,EDT,Hydro,2771.0
06/28/2021 06:20:00,EDT,Dual Fuel,4339.0
06/28/2021 06:20:00,EDT,Natural Gas,3630.0
06/28/2021 06:20:00,EDT,Nuclear,3271.0
06/28/2021 06:20:00,EDT,Other Fossil Fuels,2.0
06/28/2021 06:20:00,EDT,Other Renewables,251.0
06/28/2021 06:20:00,EDT,Wind,483.0
06/28/2021 06:20:00,EDT,Hydro,2840.0
06/28/2021 06:25:00,EDT,Dual Fuel,4347.0
06/28/2021 06:25:00,EDT,Natural Gas,3681.0
06/28/2021 06:25:00,EDT,Nuclear,3271.0
06/28/2021 06:25:00,EDT,Other Fossil Fuels,2.0
06/28/2021 06:25:00,EDT,Other Renewables,255.0
06/28/2021 06:25:00,EDT,Wind,473.0
06/28/2021 06:25:00,EDT,Hydro,2797.0
06/28/2021 06:30:00,EDT,Dual Fuel,4372.0
06/28/2021 06:30:00,EDT,Natural Gas,3714.0
06/28/2021 06:30:00,EDT,Nuclear,3271.0
06/28/2021 06:30:00,EDT,Other Fossil Fuels,3.0
06/28/2021 06:30:00,EDT,Other Renewables,252.0
06/28/2021 06:30:00,EDT,Wind,459.0
06/28/2021 06:30:00,EDT,Hydro,2801.0
06/28/2021 06:35:00,EDT,Dual Fuel,4406.0
06/28/2021 06:35:00,EDT,Natural Gas,3739.0
06/28/2021 06:35:00,EDT,Nuclear,3271.0
06/28/2021 06:35:00,EDT,Other Fossil Fuels,2.0
06/28/2021 06:35:00,EDT,Other Renewables,252.0
06/28/2021 06:35:00,EDT,Wind,446.0
06/28/2021 06:35:00,EDT,Hydro,2837.0
06/28/2021 06:40:00,EDT,Dual Fuel,4476.0
06/28/2021 06:40:00,EDT,Natural Gas,3738.0
06/28/2021 06:40:00,EDT,Nuclear,3272.0
06/28/2021 06:40:00,EDT,Other Fossil Fuels,3.0
06/28/2021 06:40:00,EDT,Other Renewables,250.0
06/28/2021 06:40:00,EDT,Wind,445.0
06/28/2021 06:40:00,EDT,Hydro,2900.0
06/28/2021 06:45:00,EDT,Dual Fuel,4548.0
06/28/2021 06:45:00,EDT,Natural Gas,3755.0
06/28/2021 06:45:00,EDT,Nuclear,3273.0
06/28/2021 06:45:00,EDT,Other Fossil Fuels,3.0
06/28/2021 06:45:00,EDT,Other Renewables,251.0
06/28/2021 06:45:00,EDT,Wind,448.0
06/28/2021 06:45:00,EDT,Hydro,2928.0
06/28/2021 06:50:00,EDT,Dual Fuel,4578.0
06/28/2021 06:50:00,EDT,Natural Gas,3799.0
06/28/2021 06:50:00,EDT,Nuclear,3272.0
06/28/2021 06:50:00,EDT,Other Fossil Fuels,2.0
06/28/2021 06:50:00,EDT,Other Renewables,250.0
06/28/2021 06:50:00,EDT,Wind,461.0
06/28/2021 06:50:00,EDT,Hydro,2935.0
06/28/2021 06:55:00,EDT,Dual Fuel,4558.0
06/28/2021 06:55:00,EDT,Natural Gas,3913.0
06/28/2021 06:55:00,EDT,Nuclear,3272.0
06/28/2021 06:55:00,EDT,Other Fossil Fuels,8.0
06/28/2021 06:55:00,EDT,Other Renewables,249.0
06/28/2021 06:55:00,EDT,Wind,468.0
06/28/2021 06:55:00,EDT,Hydro,2981.0
06/28/2021 07:00:00,EDT,Dual Fuel,4474.0
06/28/2021 07:00:00,EDT,Natural Gas,4035.0
06/28/2021 07:00:00,EDT,Nuclear,3273.0
06/28/2021 07:00:00,EDT,Other Fossil Fuels,46.0
06/28/2021 07:00:00,EDT,Other Renewables,252.0
06/28/2021 07:00:00,EDT,Wind,481.0
06/28/2021 07:00:00,EDT,Hydro,3026.0
06/28/2021 07:05:00,EDT,Dual Fuel,4439.0
06/28/2021 07:05:00,EDT,Natural Gas,4152.0
06/28/2021 07:05:00,EDT,Nuclear,3271.0
06/28/2021 07:05:00,EDT,Other Fossil Fuels,50.0
06/28/2021 07:05:00,EDT,Other Renewables,256.0
06/28/2021 07:05:00,EDT,Wind,502.0
06/28/2021 07:05:00,EDT,Hydro,3040.0
06/28/2021 07:10:00,EDT,Dual Fuel,4490.0
06/28/2021 07:10:00,EDT,Natural Gas,4244.0
06/28/2021 07:10:00,EDT,Nuclear,3271.0
06/28/2021 07:10:00,EDT,Other Fossil Fuels,50.0
06/28/2021 07:10:00,EDT,Other Renewables,259.0
06/28/2021 07:10:00,EDT,Wind,505.0
06/28/2021 07:10:00,EDT,Hydro,3023.0
06/28/2021 07:15:00,EDT,Dual Fuel,4517.0
06/28/2021 07:15:00,EDT,Natural Gas,4289.0
06/28/2021 07:15:00,EDT,Nuclear,3273.0
06/28/2021 07:15:00,EDT,Other Fossil Fuels,51.0
06/28/2021 07:15:00,EDT,Other Renewables,256.0
06/28/2021 07:15:00,EDT,Wind,510.0
06/28/2021 07:15:00,EDT,Hydro,3005.0
06/28/2021 07:20:00,EDT,Dual Fuel,4529.0
06/28/2021 07:20:00,EDT,Natural Gas,4327.0
06/28/2021 07:20:00,EDT,Nuclear,3270.0
06/28/2021 07:20:00,EDT,Other Fossil Fuels,53.0
06/28/2021 07:20:00,EDT,Other Renewables,255.0
06/28/2021 07:20:00,EDT,Wind,517.0
06/28/2021 07:20:00,EDT,Hydro,3028.0
06/28/2021 07:25:00,EDT,Dual Fuel,4605.0
06/28/2021 07:25:00,EDT,Natural Gas,4334.0
06/28/2021 07:25:00,EDT,Nuclear,3270.0
06/28/2021 07:25:00,EDT,Other Fossil Fuels,59.0
06/28/2021 07:25:00,EDT,Other Renewables,257.0
06/28/2021 07:25:00,EDT,Wind,540.0
06/28/2021 07:25:00,EDT,Hydro,3054.0
06/28/2021 07:30:00,EDT,Dual Fuel,4705.0
06/28/2021 07:30:00,EDT,Natural Gas,4358.0
06/28/2021 07:30:00,EDT,Nuclear,3269.0
06/28/2021 07:30:00,EDT,Other Fossil Fuels,50.0
06/28/2021 07:30:00,EDT,Other Renewables,258.0
06/28/2021 07:30:00,EDT,Wind,541.0
06/28/2021 07:30:00,EDT,Hydro,3084.0
06/28/2021 07:35:00,EDT,Dual Fuel,4802.0
06/28/2021 07:35:00,EDT,Natural Gas,4369.0
06/28/2021 07:35:00,EDT,Nuclear,3269.0
06/28/2021 07:35:00,EDT,Other Fossil Fuels,50.0
06/28/2021 07:35:00,EDT,Other Renewables,256.0
06/28/2021 07:35:00,EDT,Wind,542.0
06/28/2021 07:35:00,EDT,Hydro,3133.0
06/28/2021 07:40:00,EDT,Dual Fuel,4855.0
06/28/2021 07:40:00,EDT,Natural Gas,4392.0
06/28/2021 07:40:00,EDT,Nuclear,3269.0
06/28/2021 07:40:00,EDT,Other Fossil Fuels,51.0
06/28/2021 07:40:00,EDT,Other Renewables,255.0
06/28/2021 07:40:00,EDT,Wind,531.0
06/28/2021 07:40:00,EDT,Hydro,3165.0
06/28/2021 07:45:00,EDT,Dual Fuel,4949.0
06/28/2021 07:45:00,EDT,Natural Gas,4404.0
06/28/2021 07:45:00,EDT,Nuclear,3273.0
06/28/2021 07:45:00,EDT,Other Fossil Fuels,59.0
06/28/2021 07:45:00,EDT,Other Renewables,251.0
06/28/2021 07:45:00,EDT,Wind,521.0
06/28/2021 07:45:00,EDT,Hydro,3201.0
06/28/2021 07:50:00,EDT,Dual Fuel,5022.0
06/28/2021 07:50:00,EDT,Natural Gas,4410.0
06/28/2021 07:50:00,EDT,Nuclear,3271.0
06/28/2021 07:50:00,EDT,Other Fossil Fuels,60.0
06/28/2021 07:50:00,EDT,Other Renewables,251.0
06/28/2021 07:50:00,EDT,Wind,506.0
06/28/2021 07:50:00,EDT,Hydro,3178.0
06/28/2021 07:55:00,EDT,Dual Fuel,5054.0
06/28/2021 07:55:00,EDT,Natural Gas,4443.0
06/28/2021 07:55:00,EDT,Nuclear,3270.0
06/28/2021 07:55:00,EDT,Other Fossil Fuels,59.0
06/28/2021 07:55:00,EDT,Other Renewables,251.0
06/28/2021 07:55:00,EDT,Wind,488.0
06/28/2021 07:55:00,EDT,Hydro,3203.0
06/28/2021 08:00:00,EDT,Dual Fuel,5130.0
06/28/2021 08:00:00,EDT,Natural Gas,4493.0
06/28/2021 08:00:00,EDT,Nuclear,3270.0
06/28/2021 08:00:00,EDT,Other Fossil Fuels,59.0
06/28/2021 08:00:00,EDT,Other Renewables,253.0
06/28/2021 08:00:00,EDT,Wind,472.0
06/28/2021 08:00:00,EDT,Hydro,3261.0
06/28/2021 08:02:36,EDT,Dual Fuel,5237.0
06/28/2021 08:02:36,EDT,Natural Gas,4528.0
06/28/2021 08:02:36,EDT,Nuclear,3271.0
06/28/2021 08:02:36,EDT,Other Fossil Fuels,59.0
06/28/2021 08:02:36,EDT,Other Renewables,255.0
06/28/2021 08:02:36,EDT,Wind,452.0
06/28/2021 08:02:36,EDT,Hydro,3280.0
06/28/2021 08:04:00,EDT,Dual Fuel,5312.0
06/28/2021 08:04:00,EDT,Natural Gas,4557.0
06/28/2021 08:04:00,EDT,Nuclear,3270.0
06/28/2021 08:04:00,EDT,Other Fossil Fuels,59.0
06/28/2021 08:04:00,EDT,Other Renewables,258.0
06/28/2021 08:04:00,EDT,Wind,451.0
06/28/2021 08:04:00,EDT,Hydro,3306.0
06/28/2021 08:05:00,EDT,Dual Fuel,5368.0
06/28/2021 08:05:00,EDT,Natural Gas,4583.0
06/28/2021 08:05:00,EDT,Nuclear,3270.0
06/28/2021 08:05:00,EDT,Other Fossil Fuels,60.0
06/28/2021 08:05:00,EDT,Other Renewables,260.0
06/28/2021 08:05:00,EDT,Wind,446.0
06/28/2021 08:05:00,EDT,Hydro,3335.0
06/28/2021 08:10:00,EDT,Dual Fuel,5448.0
06/28/2021 08:10:00,EDT,Natural Gas,4626.0
06/28/2021 08:10:00,EDT,Nuclear,3270.0
06/28/2021 08:10:00,EDT,Other Fossil Fuels,59.0
06/28/2021 08:10:00,EDT,Other Renewables,258.0
06/28/2021 08:10:00,EDT,Wind,451.0
06/28/2021 08:10:00,EDT,Hydro,3457.0
06/28/2021 08:15:00,EDT,Dual Fuel,5615.0
06/28/2021 08:15:00,EDT,Natural Gas,4667.0
06/28/2021 08:15:00,EDT,Nuclear,3270.0
06/28/2021 08:15:00,EDT,Other Fossil Fuels,59.0
06/28/2021 08:15:00,EDT,Other Renewables,255.0
06/28/2021 08:15:00,EDT,Wind,462.0
06/28/2021 08:15:00,EDT,Hydro,3512.0
06/28/2021 08:20:00,EDT,Dual Fuel,5679.0
06/28/2021 08:20:00,EDT,Natural Gas,4710.0
06/28/2021 08:20:00,EDT,Nuclear,3270.0
06/28/2021 08:20:00,EDT,Other Fossil Fuels,59.0
06/28/2021 08:20:00,EDT,Other Renewables,255.0
06/28/2021 08:20:00,EDT,Wind,458.0
06/28/2021 08:20:00,EDT,Hydro,3420.0
06/28/2021 08:25:00,EDT,Dual Fuel,5761.0
06/28/2021 08:25:00,EDT,Natural Gas,4758.0
06/28/2021 08:25:00,EDT,Nuclear,3272.0
06/28/2021 08:25:00,EDT,Other Fossil Fuels,59.0
06/28/2021 08:25:00,EDT,Other Renewables,255.0
06/28/2021 08:25:00,EDT,Wind,457.0
06/28/2021 08:25:00,EDT,Hydro,3414.0
06/28/2021 08:30:00,EDT,Dual Fuel,5780.0
06/28/2021 08:30:00,EDT,Natural Gas,4812.0
06/28/2021 08:30:00,EDT,Nuclear,3270.0
06/28/2021 08:30:00,EDT,Other Fossil Fuels,59.0
06/28/2021 08:30:00,EDT,Other Renewables,255.0
06/28/2021 08:30:00,EDT,Wind,464.0
06/28/2021 08:30:00,EDT,Hydro,3388.0
06/28/2021 08:35:00,EDT,Dual Fuel,5830.0
06/28/2021 08:35:00,EDT,Natural Gas,4851.0
06/28/2021 08:35:00,EDT,Nuclear,3270.0
06/28/2021 08:35:00,EDT,Other Fossil Fuels,59.0
06/28/2021 08:35:00,EDT,Other Renewables,255.0
06/28/2021 08:35:00,EDT,Wind,464.0
06/28/2021 08:35:00,EDT,Hydro,3358.0
06/28/2021 08:40:00,EDT,Dual Fuel,5902.0
06/28/2021 08:40:00,EDT,Natural Gas,4855.0
06/28/2021 08:40:00,EDT,Nuclear,3270.0
06/28/2021 08:40:00,EDT,Other Fossil Fuels,59.0
06/28/2021 08:40:00,EDT,Other Renewables,256.0
06/28/2021 08:40:00,EDT,Wind,484.0
06/28/2021 08:40:00,EDT,Hydro,3467.0
06/28/2021 08:45:00,EDT,Dual Fuel,5992.0
06/28/2021 08:45:00,EDT,Natural Gas,4926.0
06/28/2021 08:45:00,EDT,Nuclear,3269.0
06/28/2021 08:45:00,EDT,Other Fossil Fuels,59.0
06/28/2021 08:45:00,EDT,Other Renewables,257.0
06/28/2021 08:45:00,EDT,Wind,499.0
06/28/2021 08:45:00,EDT,Hydro,3485.0
06/28/2021 08:50:00,EDT,Dual Fuel,6059.0
06/28/2021 08:50:00,EDT,Natural Gas,4987.0
06/28/2021 08:50:00,EDT,Nuclear,3272.0
06/28/2021 08:50:00,EDT,Other Fossil Fuels,59.0
06/28/2021 08:50:00,EDT,Other Renewables,259.0
06/28/2021 08:50:00,EDT,Wind,512.0
06/28/2021 08:50:00,EDT,Hydro,3467.0
06/28/2021 08:55:00,EDT,Dual Fuel,6103.0
06/28/2021 08:55:00,EDT,Natural Gas,5011.0
06/28/2021 08:55:00,EDT,Nuclear,3270.0
06/28/2021 08:55:00,EDT,Other Fossil Fuels,59.0
06/28/2021 08:55:00,EDT,Other Renewables,258.0
06/28/2021 08:55:00,EDT,Wind,535.0
06/28/2021 08:55:00,EDT,Hydro,3422.0
06/28/2021 09:00:00,EDT,Dual Fuel,6187.0
06/28/2021 09:00:00,EDT,Natural Gas,5060.0
06/28/2021 09:00:00,EDT,Nuclear,3271.0
06/28/2021 09:00:00,EDT,Other Fossil Fuels,59.0
06/28/2021 09:00:00,EDT,Other Renewables,256.0
06/28/2021 09:00:00,EDT,Wind,549.0
06/28/2021 09:00:00,EDT,Hydro,3442.0
06/28/2021 09:05:00,EDT,Dual Fuel,6487.0
06/28/2021 09:05:00,EDT,Natural Gas,5152.0
06/28/2021 09:05:00,EDT,Nuclear,3269.0
06/28/2021 09:05:00,EDT,Other Fossil Fuels,56.0
06/28/2021 09:05:00,EDT,Other Renewables,259.0
06/28/2021 09:05:00,EDT,Wind,583.0
06/28/2021 09:05:00,EDT,Hydro,3446.0
06/28/2021 09:10:00,EDT,Dual Fuel,6639.0
06/28/2021 09:10:00,EDT,Natural Gas,5292.0
06/28/2021 09:10:00,EDT,Nuclear,3270.0
06/28/2021 09:10:00,EDT,Other Fossil Fuels,49.0
06/28/2021 09:10:00,EDT,Other Renewables,264.0
06/28/2021 09:10:00,EDT,Wind,594.0
06/28/2021 09:10:00,EDT,Hydro,3459.0
06/28/2021 09:15:00,EDT,Dual Fuel,6785.0
06/28/2021 09:15:00,EDT,Natural Gas,5320.0
06/28/2021 09:15:00,EDT,Nuclear,3268.0
06/28/2021 09:15:00,EDT,Other Fossil Fuels,49.0
06/28/2021 09:15:00,EDT,Other Renewables,263.0
06/28/2021 09:15:00,EDT,Wind,595.0
06/28/2021 09:15:00,EDT,Hydro,3434.0
06/28/2021 09:20:00,EDT,Dual Fuel,6777.0
06/28/2021 09:20:00,EDT,Natural Gas,5336.0
06/28/2021 09:20:00,EDT,Nuclear,3268.0
06/28/2021 09:20:00,EDT,Other Fossil Fuels,50.0
06/28/2021 09:20:00,EDT,Other Renewables,261.0
06/28/2021 09:20:00,EDT,Wind,596.0
06/28/2021 09:20:00,EDT,Hydro,3354.0
06/28/2021 09:25:00,EDT,Dual Fuel,6749.0
06/28/2021 09:25:00,EDT,Natural Gas,5360.0
06/28/2021 09:25:00,EDT,Nuclear,3268.0
06/28/2021 09:25:00,EDT,Other Fossil Fuels,65.0
06/28/2021 09:25:00,EDT,Other Renewables,266.0
06/28/2021 09:25:00,EDT,Wind,607.0
06/28/2021 09:25:00,EDT,Hydro,3320.0
06/28/2021 09:30:00,EDT,Dual Fuel,6757.0
06/28/2021 09:30:00,EDT,Natural Gas,5463.0
06/28/2021 09:30:00,EDT,Nuclear,3267.0
06/28/2021 09:30:00,EDT,Other Fossil Fuels,66.0
06/28/2021 09:30:00,EDT,Other Renewables,268.0
06/28/2021 09:30:00,EDT,Wind,606.0
06/28/2021 09:30:00,EDT,Hydro,3260.0
06/28/2021 09:35:00,EDT,Dual Fuel,6747.0
06/28/2021 09:35:00,EDT,Natural Gas,5472.0
06/28/2021 09:35:00,EDT,Nuclear,3266.0
06/28/2021 09:35:00,EDT,Other Fossil Fuels,66.0
06/28/2021 09:35:00,EDT,Other Renewables,267.0
06/28/2021 09:35:00,EDT,Wind,592.0
06/28/2021 09:35:00,EDT,Hydro,3317.0
06/28/2021 09:40:00,EDT,Dual Fuel,6807.0
06/28/2021 09:40:00,EDT,Natural Gas,5450.0
06/28/2021 09:40:00,EDT,Nuclear,3268.0
06/28/2021 09:40:00,EDT,Other Fossil Fuels,66.0
06/28/2021 09:40:00,EDT,Other Renewables,268.0
06/28/2021 09:40:00,EDT,Wind,587.0
06/28/2021 09:40:00,EDT,Hydro,3424.0
06/28/2021 09:45:00,EDT,Dual Fuel,6860.0
06/28/2021 09:45:00,EDT,Natural Gas,5434.0
06/28/2021 09:45:00,EDT,Nuclear,3268.0
06/28/2021 09:45:00,EDT,Other Fossil Fuels,66.0
06/28/2021 09:45:00,EDT,Other Renewables,268.0
06/28/2021 09:45:00,EDT,Wind,574.0
06/28/2021 09:45:00,EDT,Hydro,3563.0
06/28/2021 09:50:00,EDT,Dual Fuel,6867.0
06/28/2021 09:50:00,EDT,Natural Gas,5457.0
06/28/2021 09:50:00,EDT,Nuclear,3269.0
06/28/2021 09:50:00,EDT,Other Fossil Fuels,66.0
06/28/2021 09:50:00,EDT,Other Renewables,267.0
06/28/2021 09:50:00,EDT,Wind,562.0
06/28/2021 09:50:00,EDT,Hydro,3672.0
06/28/2021 09:55:00,EDT,Dual Fuel,7000.0
06/28/2021 09:55:00,EDT,Natural Gas,5511.0
06/28/2021 09:55:00,EDT,Nuclear,3266.0
06/28/2021 09:55:00,EDT,Other Fossil Fuels,66.0
06/28/2021 09:55:00,EDT,Other Renewables,268.0
06/28/2021 09:55:00,EDT,Wind,567.0
06/28/2021 09:55:00,EDT,Hydro,3693.0
06/28/2021 10:00:00,EDT,Dual Fuel,7154.0
06/28/2021 10:00:00,EDT,Natural Gas,5613.0
06/28/2021 10:00:00,EDT,Nuclear,3265.0
06/28/2021 10:00:00,EDT,Other Fossil Fuels,66.0
06/28/2021 10:00:00,EDT,Other Renewables,268.0
06/28/2021 10:00:00,EDT,Wind,572.0
06/28/2021 10:00:00,EDT,Hydro,3636.0
06/28/2021 10:05:00,EDT,Dual Fuel,7209.0
06/28/2021 10:05:00,EDT,Natural Gas,5758.0
06/28/2021 10:05:00,EDT,Nuclear,3267.0
06/28/2021 10:05:00,EDT,Other Fossil Fuels,66.0
06/28/2021 10:05:00,EDT,Other Renewables,267.0
06/28/2021 10:05:00,EDT,Wind,560.0
06/28/2021 10:05:00,EDT,Hydro,3602.0
06/28/2021 10:10:00,EDT,Dual Fuel,7285.0
06/28/2021 10:10:00,EDT,Natural Gas,5825.0
06/28/2021 10:10:00,EDT,Nuclear,3265.0
06/28/2021 10:10:00,EDT,Other Fossil Fuels,67.0
06/28/2021 10:10:00,EDT,Other Renewables,269.0
06/28/2021 10:10:00,EDT,Wind,554.0
06/28/2021 10:10:00,EDT,Hydro,3621.0
06/28/2021 10:15:00,EDT,Dual Fuel,7380.0
06/28/2021 10:15:00,EDT,Natural Gas,5883.0
06/28/2021 10:15:00,EDT,Nuclear,3264.0
06/28/2021 10:15:00,EDT,Other Fossil Fuels,69.0
06/28/2021 10:15:00,EDT,Other Renewables,265.0
06/28/2021 10:15:00,EDT,Wind,539.0
06/28/2021 10:15:00,EDT,Hydro,3613.0
06/28/2021 10:20:00,EDT,Dual Fuel,7460.0
06/28/2021 10:20:00,EDT,Natural Gas,5914.0
06/28/2021 10:20:00,EDT,Nuclear,3266.0
06/28/2021 10:20:00,EDT,Other Fossil Fuels,69.0
06/28/2021 10:20:00,EDT,Other Renewables,265.0
06/28/2021 10:20:00,EDT,Wind,538.0
06/28/2021 10:20:00,EDT,Hydro,3622.0
06/28/2021 10:25:00,EDT,Dual Fuel,7546.0
06/28/2021 10:25:00,EDT,Natural Gas,5943.0
06/28/2021 10:25:00,EDT,Nuclear,3265.0
06/28/2021 10:25:00,EDT,Other Fossil Fuels,68.0
06/28/2021 10:25:00,EDT,Other Renewables,263.0
06/28/2021 10:25:00,EDT,Wind,540.0
06/28/2021 10:25:00,EDT,Hydro,3630.0
06/28/2021 10:30:00,EDT,Dual Fuel,7618.0
06/28/2021 10:30:00,EDT,Natural Gas,5974.0
06/28/2021 10:30:00,EDT,Nuclear,3265.0
06/28/2021 10:30:00,EDT,Other Fossil Fuels,69.0
06/28/2021 10:30:00,EDT,Other Renewables,266.0
06/28/2021 10:30:00,EDT,Wind,535.0
06/28/2021 10:30:00,EDT,Hydro,3617.0
06/28/2021 10:32:48,EDT,Dual Fuel,7661.0
06/28/2021 10:32:48,EDT,Natural Gas,5849.0
06/28/2021 10:32:48,EDT,Nuclear,3267.0
06/28/2021 10:32:48,EDT,Other Fossil Fuels,69.0
06/28/2021 10:32:48,EDT,Other Renewables,265.0
06/28/2021 10:32:48,EDT,Wind,531.0
06/28/2021 10:32:48,EDT,Hydro,3612.0
06/28/2021 10:35:00,EDT,Dual Fuel,7712.0
06/28/2021 10:35:00,EDT,Natural Gas,5825.0
06/28/2021 10:35:00,EDT,Nuclear,3266.0
06/28/2021 10:35:00,EDT,Other Fossil Fuels,69.0
06/28/2021 10:35:00,EDT,Other Renewables,265.0
06/28/2021 10:35:00,EDT,Wind,548.0
06/28/2021 10:35:00,EDT,Hydro,3629.0
06/28/2021 10:35:06,EDT,Dual Fuel,7738.0
06/28/2021 10:35:06,EDT,Natural Gas,5847.0
06/28/2021 10:35:06,EDT,Nuclear,3273.0
06/28/2021 10:35:06,EDT,Other Fossil Fuels,69.0
06/28/2021 10:35:06,EDT,Other Renewables,261.0
06/28/2021 10:35:06,EDT,Wind,555.0
06/28/2021 10:35:06,EDT,Hydro,3667.0
06/28/2021 10:40:00,EDT,Dual Fuel,7800.0
06/28/2021 10:40:00,EDT,Natural Gas,5858.0
06/28/2021 10:40:00,EDT,Nuclear,3265.0
06/28/2021 10:40:00,EDT,Other Fossil Fuels,69.0
06/28/2021 10:40:00,EDT,Other Renewables,266.0
06/28/2021 10:40:00,EDT,Wind,548.0
06/28/2021 10:40:00,EDT,Hydro,3774.0
06/28/2021 10:45:00,EDT,Dual Fuel,7923.0
06/28/2021 10:45:00,EDT,Natural Gas,5863.0
06/28/2021 10:45:00,EDT,Nuclear,3263.0
06/28/2021 10:45:00,EDT,Other Fossil Fuels,69.0
06/28/2021 10:45:00,EDT,Other Renewables,266.0
06/28/2021 10:45:00,EDT,Wind,542.0
06/28/2021 10:45:00,EDT,Hydro,3770.0
06/28/2021 10:50:00,EDT,Dual Fuel,8061.0
06/28/2021 10:50:00,EDT,Natural Gas,5885.0
06/28/2021 10:50:00,EDT,Nuclear,3264.0
06/28/2021 10:50:00,EDT,Other Fossil Fuels,69.0
06/28/2021 10:50:00,EDT,Other Renewables,267.0
06/28/2021 10:50:00,EDT,Wind,528.0
06/28/2021 10:50:00,EDT,Hydro,3763.0
06/28/2021 10:55:00,EDT,Dual Fuel,8173.0
06/28/2021 10:55:00,EDT,Natural Gas,5911.0
06/28/2021 10:55:00,EDT,Nuclear,3264.0
06/28/2021 10:55:00,EDT,Other Fossil Fuels,69.0
06/28/2021 10:55:00,EDT,Other Renewables,270.0
06/28/2021 10:55:00,EDT,Wind,510.0
06/28/2021 10:55:00,EDT,Hydro,3754.0
06/28/2021 11:00:00,EDT,Dual Fuel,8284.0
06/28/2021 11:00:00,EDT,Natural Gas,5915.0
06/28/2021 11:00:00,EDT,Nuclear,3263.0
06/28/2021 11:00:00,EDT,Other Fossil Fuels,69.0
06/28/2021 11:00:00,EDT,Other Renewables,268.0
06/28/2021 11:00:00,EDT,Wind,490.0
06/28/2021 11:00:00,EDT,Hydro,3815.0
06/28/2021 11:05:00,EDT,Dual Fuel,8420.0
06/28/2021 11:05:00,EDT,Natural Gas,5906.0
06/28/2021 11:05:00,EDT,Nuclear,3264.0
06/28/2021 11:05:00,EDT,Other Fossil Fuels,68.0
06/28/2021 11:05:00,EDT,Other Renewables,269.0
06/28/2021 11:05:00,EDT,Wind,473.0
06/28/2021 11:05:00,EDT,Hydro,3908.0
06/28/2021 11:10:00,EDT,Dual Fuel,8574.0
06/28/2021 11:10:00,EDT,Natural Gas,5938.0
06/28/2021 11:10:00,EDT,Nuclear,3262.0
06/28/2021 11:10:00,EDT,Other Fossil Fuels,68.0
06/28/2021 11:10:00,EDT,Other Renewables,268.0
06/28/2021 11:10:00,EDT,Wind,458.0
06/28/2021 11:10:00,EDT,Hydro,3989.0
06/28/2021 11:15:00,EDT,Dual Fuel,8662.0
06/28/2021 11:15:00,EDT,Natural Gas,5971.0
06/28/2021 11:15:00,EDT,Nuclear,3264.0
06/28/2021 11:15:00,EDT,Other Fossil Fuels,69.0
06/28/2021 11:15:00,EDT,Other Renewables,269.0
06/28/2021 11:15:00,EDT,Wind,479.0
06/28/2021 11:15:00,EDT,Hydro,3976.0
06/28/2021 11:20:00,EDT,Dual Fuel,8697.0
06/28/2021 11:20:00,EDT,Natural Gas,6006.0
06/28/2021 11:20:00,EDT,Nuclear,3264.0
06/28/2021 11:20:00,EDT,Other Fossil Fuels,67.0
06/28/2021 11:20:00,EDT,Other Renewables,268.0
06/28/2021 11:20:00,EDT,Wind,497.0
06/28/2021 11:20:00,EDT,Hydro,3914.0
06/28/2021 11:25:00,EDT,Dual Fuel,8679.0
06/28/2021 11:25:00,EDT,Natural Gas,6036.0
06/28/2021 11:25:00,EDT,Nuclear,3261.0
06/28/2021 11:25:00,EDT,Other Fossil Fuels,63.0
06/28/2021 11:25:00,EDT,Other Renewables,270.0
06/28/2021 11:25:00,EDT,Wind,502.0
06/28/2021 11:25:00,EDT,Hydro,3923.0
06/28/2021 11:30:00,EDT,Dual Fuel,8749.0
06/28/2021 11:30:00,EDT,Natural Gas,6077.0
06/28/2021 11:30:00,EDT,Nuclear,3263.0
06/28/2021 11:30:00,EDT,Other Fossil Fuels,66.0
06/28/2021 11:30:00,EDT,Other Renewables,268.0
06/28/2021 11:30:00,EDT,Wind,509.0
06/28/2021 11:30:00,EDT,Hydro,3864.0
06/28/2021 11:35:00,EDT,Dual Fuel,8835.0
06/28/2021 11:35:00,EDT,Natural Gas,6113.0
06/28/2021 11:35:00,EDT,Nuclear,3261.0
06/28/2021 11:35:00,EDT,Other Fossil Fuels,67.0
06/28/2021 11:35:00,EDT,Other Renewables,267.0
06/28/2021 11:35:00,EDT,Wind,518.0
06/28/2021 11:35:00,EDT,Hydro,3788.0
06/28/2021 11:40:00,EDT,Dual Fuel,8861.0
06/28/2021 11:40:00,EDT,Natural Gas,6139.0
06/28/2021 11:40:00,EDT,Nuclear,3261.0
06/28/2021 11:40:00,EDT,Other Fossil Fuels,66.0
06/28/2021 11:40:00,EDT,Other Renewables,265.0
06/28/2021 11:40:00,EDT,Wind,517.0
06/28/2021 11:40:00,EDT,Hydro,3806.0
06/28/2021 11:45:00,EDT,Dual Fuel,8925.0
06/28/2021 11:45:00,EDT,Natural Gas,6140.0
06/28/2021 11:45:00,EDT,Nuclear,3262.0
06/28/2021 11:45:00,EDT,Other Fossil Fuels,69.0
06/28/2021 11:45:00,EDT,Other Renewables,267.0
06/28/2021 11:45:00,EDT,Wind,528.0
06/28/2021 11:45:00,EDT,Hydro,3888.0
06/28/2021 11:50:00,EDT,Dual Fuel,8961.0
06/28/2021 11:50:00,EDT,Natural Gas,6133.0
06/28/2021 11:50:00,EDT,Nuclear,3263.0
06/28/2021 11:50:00,EDT,Other Fossil Fuels,90.0
06/28/2021 11:50:00,EDT,Other Renewables,271.0
06/28/2021 11:50:00,EDT,Wind,519.0
06/28/2021 11:50:00,EDT,Hydro,3982.0
06/28/2021 11:55:00,EDT,Dual Fuel,9022.0
06/28/2021 11:55:00,EDT,Natural Gas,6185.0
06/28/2021 11:55:00,EDT,Nuclear,3264.0
06/28/2021 11:55:00,EDT,Other Fossil Fuels,92.0
06/28/2021 11:55:00,EDT,Other Renewables,271.0
06/28/2021 11:55:00,EDT,Wind,511.0
06/28/2021 11:55:00,EDT,Hydro,3993.0
06/28/2021 12:00:00,EDT,Dual Fuel,9097.0
06/28/2021 12:00:00,EDT,Natural Gas,6212.0
06/28/2021 12:00:00,EDT,Nuclear,3263.0
06/28/2021 12:00:00,EDT,Other Fossil Fuels,112.0
06/28/2021 12:00:00,EDT,Other Renewables,272.0
06/28/2021 12:00:00,EDT,Wind,516.0
06/28/2021 12:00:00,EDT,Hydro,4032.0
06/28/2021 12:05:00,EDT,Dual Fuel,9132.0
06/28/2021 12:05:00,EDT,Natural Gas,6269.0
06/28/2021 12:05:00,EDT,Nuclear,3265.0
06/28/2021 12:05:00,EDT,Other Fossil Fuels,162.0
06/28/2021 12:05:00,EDT,Other Renewables,273.0
06/28/2021 12:05:00,EDT,Wind,535.0
06/28/2021 12:05:00,EDT,Hydro,4119.0
06/28/2021 12:10:00,EDT,Dual Fuel,9195.0
06/28/2021 12:10:00,EDT,Natural Gas,6281.0
06/28/2021 12:10:00,EDT,Nuclear,3267.0
06/28/2021 12:10:00,EDT,Other Fossil Fuels,191.0
06/28/2021 12:10:00,EDT,Other Renewables,274.0
06/28/2021 12:10:00,EDT,Wind,528.0
06/28/2021 12:10:00,EDT,Hydro,4212.0
06/28/2021 12:15:00,EDT,Dual Fuel,9344.0
06/28/2021 12:15:00,EDT,Natural Gas,6291.0
06/28/2021 12:15:00,EDT,Nuclear,3266.0
06/28/2021 12:15:00,EDT,Other Fossil Fuels,196.0
06/28/2021 12:15:00,EDT,Other Renewables,275.0
06/28/2021 12:15:00,EDT,Wind,496.0
06/28/2021 12:15:00,EDT,Hydro,4257.0
06/28/2021 12:20:00,EDT,Dual Fuel,9367.0
06/28/2021 12:20:00,EDT,Natural Gas,6293.0
06/28/2021 12:20:00,EDT,Nuclear,3265.0
06/28/2021 12:20:00,EDT,Other Fossil Fuels,196.0
06/28/2021 12:20:00,EDT,Other Renewables,273.0
06/28/2021 12:20:00,EDT,Wind,491.0
06/28/2021 12:20:00,EDT,Hydro,4247.0
06/28/2021 12:25:00,EDT,Dual Fuel,9404.0
06/28/2021 12:25:00,EDT,Natural Gas,6293.0
06/28/2021 12:25:00,EDT,Nuclear,3265.0
06/28/2021 12:25:00,EDT,Other Fossil Fuels,197.0
06/28/2021 12:25:00,EDT,Other Renewables,273.0
06/28/2021 12:25:00,EDT,Wind,487.0
06/28/2021 12:25:00,EDT,Hydro,4283.0
06/28/2021 12:30:00,EDT,Dual Fuel,9510.0
06/28/2021 12:30:00,EDT,Natural Gas,6275.0
06/28/2021 12:30:00,EDT,Nuclear,3266.0
06/28/2021 12:30:00,EDT,Other Fossil Fuels,231.0
06/28/2021 12:30:00,EDT,Other Renewables,275.0
06/28/2021 12:30:00,EDT,Wind,484.0
06/28/2021 12:30:00,EDT,Hydro,4249.0
06/28/2021 12:30:12,EDT,Dual Fuel,9338.0
06/28/2021 12:30:12,EDT,Natural Gas,6268.0
06/28/2021 12:30:12,EDT,Nuclear,3270.0
06/28/2021 12:30:12,EDT,Other Fossil Fuels,245.0
06/28/2021 12:30:12,EDT,Other Renewables,277.0
06/28/2021 12:30:12,EDT,Wind,481.0
06/28/2021 12:30:12,EDT,Hydro,4174.0
06/28/2021 12:32:24,EDT,Dual Fuel,9322.0
06/28/2021 12:32:24,EDT,Natural Gas,6277.0
06/28/2021 12:32:24,EDT,Nuclear,3268.0
06/28/2021 12:32:24,EDT,Other Fossil Fuels,245.0
06/28/2021 12:32:24,EDT,Other Renewables,277.0
06/28/2021 12:32:24,EDT,Wind,479.0
06/28/2021 12:32:24,EDT,Hydro,4174.0
06/28/2021 12:35:00,EDT,Dual Fuel,9342.0
06/28/2021 12:35:00,EDT,Natural Gas,6267.0
06/28/2021 12:35:00,EDT,Nuclear,3268.0
06/28/2021 12:35:00,EDT,Other Fossil Fuels,245.0
06/28/2021 12:35:00,EDT,Other Renewables,274.0
06/28/2021 12:35:00,EDT,Wind,470.0
06/28/2021 12:35:00,EDT,Hydro,4360.0
06/28/2021 12:40:00,EDT,Dual Fuel,9358.0
06/28/2021 12:40:00,EDT,Natural Gas,6210.0
06/28/2021 12:40:00,EDT,Nuclear,3266.0
06/28/2021 12:40:00,EDT,Other Fossil Fuels,244.0
06/28/2021 12:40:00,EDT,Other Renewables,274.0
06/28/2021 12:40:00,EDT,Wind,479.0
06/28/2021 12:40:00,EDT,Hydro,4442.0
06/28/2021 12:45:00,EDT,Dual Fuel,9546.0
06/28/2021 12:45:00,EDT,Natural Gas,6177.0
06/28/2021 12:45:00,EDT,Nuclear,3267.0
06/28/2021 12:45:00,EDT,Other Fossil Fuels,244.0
06/28/2021 12:45:00,EDT,Other Renewables,274.0
06/28/2021 12:45:00,EDT,Wind,479.0
06/28/2021 12:45:00,EDT,Hydro,4486.0
06/28/2021 12:50:00,EDT,Dual Fuel,9636.0
06/28/2021 12:50:00,EDT,Natural Gas,6144.0
06/28/2021 12:50:00,EDT,Nuclear,3267.0
06/28/2021 12:50:00,EDT,Other Fossil Fuels,250.0
06/28/2021 12:50:00,EDT,Other Renewables,271.0
06/28/2021 12:50:00,EDT,Wind,476.0
06/28/2021 12:50:00,EDT,Hydro,4737.0
06/28/2021 12:55:00,EDT,Dual Fuel,9624.0
06/28/2021 12:55:00,EDT,Natural Gas,6111.0
06/28/2021 12:55:00,EDT,Nuclear,3266.0
06/28/2021 12:55:00,EDT,Other Fossil Fuels,250.0
06/28/2021 12:55:00,EDT,Other Renewables,274.0
06/28/2021 12:55:00,EDT,Wind,468.0
06/28/2021 12:55:00,EDT,Hydro,4666.0
06/28/2021 13:00:00,EDT,Dual Fuel,9646.0
06/28/2021 13:00:00,EDT,Natural Gas,6187.0
06/28/2021 13:00:00,EDT,Nuclear,3268.0
06/28/2021 13:00:00,EDT,Other Fossil Fuels,249.0
06/28/2021 13:00:00,EDT,Other Renewables,276.0
06/28/2021 13:00:00,EDT,Wind,460.0
06/28/2021 13:00:00,EDT,Hydro,4500.0
06/28/2021 13:05:00,EDT,Dual Fuel,9675.0
06/28/2021 13:05:00,EDT,Natural Gas,6143.0
06/28/2021 13:05:00,EDT,Nuclear,3266.0
06/28/2021 13:05:00,EDT,Other Fossil Fuels,249.0
06/28/2021 13:05:00,EDT,Other Renewables,271.0
06/28/2021 13:05:00,EDT,Wind,461.0
06/28/2021 13:05:00,EDT,Hydro,4374.0
06/28/2021 13:10:00,EDT,Dual Fuel,9665.0
06/28/2021 13:10:00,EDT,Natural Gas,6110.0
06/28/2021 13:10:00,EDT,Nuclear,3266.0
06/28/2021 13:10:00,EDT,Other Fossil Fuels,251.0
06/28/2021 13:10:00,EDT,Other Renewables,273.0
06/28/2021 13:10:00,EDT,Wind,447.0
06/28/2021 13:10:00,EDT,Hydro,4335.0
06/28/2021 13:15:00,EDT,Dual Fuel,9628.0
06/28/2021 13:15:00,EDT,Natural Gas,6162.0
06/28/2021 13:15:00,EDT,Nuclear,3268.0
06/28/2021 13:15:00,EDT,Other Fossil Fuels,263.0
06/28/2021 13:15:00,EDT,Other Renewables,272.0
06/28/2021 13:15:00,EDT,Wind,463.0
06/28/2021 13:15:00,EDT,Hydro,4373.0
06/28/2021 13:20:00,EDT,Dual Fuel,9634.0
06/28/2021 13:20:00,EDT,Natural Gas,6179.0
06/28/2021 13:20:00,EDT,Nuclear,3268.0
06/28/2021 13:20:00,EDT,Other Fossil Fuels,281.0
06/28/2021 13:20:00,EDT,Other Renewables,274.0
06/28/2021 13:20:00,EDT,Wind,453.0
06/28/2021 13:20:00,EDT,Hydro,4534.0
06/28/2021 13:25:00,EDT,Dual Fuel,9644.0
06/28/2021 13:25:00,EDT,Natural Gas,6192.0
06/28/2021 13:25:00,EDT,Nuclear,3266.0
06/28/2021 13:25:00,EDT,Other Fossil Fuels,302.0
06/28/2021 13:25:00,EDT,Other Renewables,276.0
06/28/2021 13:25:00,EDT,Wind,452.0
06/28/2021 13:25:00,EDT,Hydro,4612.0
06/28/2021 13:30:00,EDT,Dual Fuel,9646.0
06/28/2021 13:30:00,EDT,Natural Gas,6194.0
06/28/2021 13:30:00,EDT,Nuclear,3266.0
06/28/2021 13:30:00,EDT,Other Fossil Fuels,301.0
06/28/2021 13:30:00,EDT,Other Renewables,276.0
06/28/2021 13:30:00,EDT,Wind,454.0
06/28/2021 13:30:00,EDT,Hydro,4604.0
06/28/2021 13:35:00,EDT,Dual Fuel,9655.0
06/28/2021 13:35:00,EDT,Natural Gas,6185.0
06/28/2021 13:35:00,EDT,Nuclear,3268.0
06/28/2021 13:35:00,EDT,Other Fossil Fuels,301.0
06/28/2021 13:35:00,EDT,Other Renewables,274.0
06/28/2021 13:35:00,EDT,Wind,471.0
06/28/2021 13:35:00,EDT,Hydro,4636.0
06/28/2021 13:40:00,EDT,Dual Fuel,9663.0
06/28/2021 13:40:00,EDT,Natural Gas,6166.0
06/28/2021 13:40:00,EDT,Nuclear,3266.0
06/28/2021 13:40:00,EDT,Other Fossil Fuels,307.0
06/28/2021 13:40:00,EDT,Other Renewables,275.0
06/28/2021 13:40:00,EDT,Wind,488.0
06/28/2021 13:40:00,EDT,Hydro,4685.0
06/28/2021 13:45:00,EDT,Dual Fuel,9663.0
06/28/2021 13:45:00,EDT,Natural Gas,6172.0
06/28/2021 13:45:00,EDT,Nuclear,3265.0
06/28/2021 13:45:00,EDT,Other Fossil Fuels,341.0
06/28/2021 13:45:00,EDT,Other Renewables,277.0
06/28/2021 13:45:00,EDT,Wind,514.0
06/28/2021 13:45:00,EDT,Hydro,4678.0
06/28/2021 13:50:00,EDT,Dual Fuel,9668.0
06/28/2021 13:50:00,EDT,Natural Gas,6165.0
06/28/2021 13:50:00,EDT,Nuclear,3264.0
06/28/2021 13:50:00,EDT,Other Fossil Fuels,345.0
06/28/2021 13:50:00,EDT,Other Renewables,274.0
06/28/2021 13:50:00,EDT,Wind,542.0
06/28/2021 13:50:00,EDT,Hydro,4589.0
06/28/2021 13:55:00,EDT,Dual Fuel,9679.0
06/28/2021 13:55:00,EDT,Natural Gas,6159.0
06/28/2021 13:55:00,EDT,Nuclear,3264.0
06/28/2021 13:55:00,EDT,Other Fossil Fuels,349.0
06/28/2021 13:55:00,EDT,Other Renewables,276.0
06/28/2021 13:55:00,EDT,Wind,570.0
06/28/2021 13:55:00,EDT,Hydro,4470.0
06/28/2021 14:00:00,EDT,Dual Fuel,9687.0
06/28/2021 14:00:00,EDT,Natural Gas,6161.0
06/28/2021 14:00:00,EDT,Nuclear,3265.0
06/28/2021 14:00:00,EDT,Other Fossil Fuels,385.0
06/28/2021 14:00:00,EDT,Other Renewables,275.0
06/28/2021 14:00:00,EDT,Wind,576.0
06/28/2021 14:00:00,EDT,Hydro,4432.0
06/28/2021 14:05:00,EDT,Dual Fuel,9703.0
06/28/2021 14:05:00,EDT,Natural Gas,6187.0
06/28/2021 14:05:00,EDT,Nuclear,3267.0
06/28/2021 14:05:00,EDT,Other Fossil Fuels,399.0
06/28/2021 14:05:00,EDT,Other Renewables,273.0
06/28/2021 14:05:00,EDT,Wind,575.0
06/28/2021 14:05:00,EDT,Hydro,4457.0
06/28/2021 14:10:00,EDT,Dual Fuel,9703.0
06/28/2021 14:10:00,EDT,Natural Gas,6194.0
06/28/2021 14:10:00,EDT,Nuclear,3264.0
06/28/2021 14:10:00,EDT,Other Fossil Fuels,390.0
06/28/2021 14:10:00,EDT,Other Renewables,273.0
06/28/2021 14:10:00,EDT,Wind,542.0
06/28/2021 14:10:00,EDT,Hydro,4557.0
06/28/2021 14:15:00,EDT,Dual Fuel,9719.0
06/28/2021 14:15:00,EDT,Natural Gas,6207.0
06/28/2021 14:15:00,EDT,Nuclear,3266.0
06/28/2021 14:15:00,EDT,Other Fossil Fuels,386.0
06/28/2021 14:15:00,EDT,Other Renewables,273.0
06/28/2021 14:15:00,EDT,Wind,534.0
06/28/2021 14:15:00,EDT,Hydro,4567.0
06/28/2021 14:20:00,EDT,Dual Fuel,9746.0
06/28/2021 14:20:00,EDT,Natural Gas,6215.0
06/28/2021 14:20:00,EDT,Nuclear,3266.0
06/28/2021 14:20:00,EDT,Other Fossil Fuels,386.0
06/28/2021 14:20:00,EDT,Other Renewables,273.0
06/28/2021 14:20:00,EDT,Wind,550.0
06/28/2021 14:20:00,EDT,Hydro,4556.0
06/28/2021 14:25:00,EDT,Dual Fuel,9741.0
06/28/2021 14:25:00,EDT,Natural Gas,6165.0
06/28/2021 14:25:00,EDT,Nuclear,3266.0
06/28/2021 14:25:00,EDT,Other Fossil Fuels,405.0
06/28/2021 14:25:00,EDT,Other Renewables,271.0
06/28/2021 14:25:00,EDT,Wind,563.0
06/28/2021 14:25:00,EDT,Hydro,4553.0
06/28/2021 14:30:00,EDT,Dual Fuel,9723.0
06/28/2021 14:30:00,EDT,Natural Gas,6164.0
06/28/2021 14:30:00,EDT,Nuclear,3267.0
06/28/2021 14:30:00,EDT,Other Fossil Fuels,439.0
06/28/2021 14:30:00,EDT,Other Renewables,272.0
06/28/2021 14:30:00,EDT,Wind,570.0
06/28/2021 14:30:00,EDT,Hydro,4538.0
06/28/2021 14:35:00,EDT,Dual Fuel,9718.0
06/28/2021 14:35:00,EDT,Natural Gas,6207.0
06/28/2021 14:35:00,EDT,Nuclear,3265.0
06/28/2021 14:35:00,EDT,Other Fossil Fuels,457.0
06/28/2021 14:35:00,EDT,Other Renewables,274.0
06/28/2021 14:35:00,EDT,Wind,564.0
06/28/2021 14:35:00,EDT,Hydro,4491.0
06/28/2021 14:40:00,EDT,Dual Fuel,9713.0
06/28/2021 14:40:00,EDT,Natural Gas,6204.0
06/28/2021 14:40:00,EDT,Nuclear,3265.0
06/28/2021 14:40:00,EDT,Other Fossil Fuels,454.0
06/28/2021 14:40:00,EDT,Other Renewables,272.0
06/28/2021 14:40:00,EDT,Wind,585.0
06/28/2021 14:40:00,EDT,Hydro,4483.0
06/28/2021 14:45:00,EDT,Dual Fuel,9741.0
06/28/2021 14:45:00,EDT,Natural Gas,6198.0
06/28/2021 14:45:00,EDT,Nuclear,3265.0
06/28/2021 14:45:00,EDT,Other Fossil Fuels,462.0
06/28/2021 14:45:00,EDT,Other Renewables,272.0
06/28/2021 14:45:00,EDT,Wind,625.0
06/28/2021 14:45:00,EDT,Hydro,4524.0
06/28/2021 14:50:00,EDT,Dual Fuel,9754.0
06/28/2021 14:50:00,EDT,Natural Gas,6146.0
06/28/2021 14:50:00,EDT,Nuclear,3265.0
06/28/2021 14:50:00,EDT,Other Fossil Fuels,470.0
06/28/2021 14:50:00,EDT,Other Renewables,274.0
06/28/2021 14:50:00,EDT,Wind,652.0
06/28/2021 14:50:00,EDT,Hydro,4547.0
06/28/2021 14:55:00,EDT,Dual Fuel,9757.0
06/28/2021 14:55:00,EDT,Natural Gas,6145.0
06/28/2021 14:55:00,EDT,Nuclear,3264.0
06/28/2021 14:55:00,EDT,Other Fossil Fuels,471.0
06/28/2021 14:55:00,EDT,Other Renewables,269.0
06/28/2021 14:55:00,EDT,Wind,662.0
06/28/2021 14:55:00,EDT,Hydro,4558.0
06/28/2021 15:00:00,EDT,Dual Fuel,9759.0
06/28/2021 15:00:00,EDT,Natural Gas,6125.0
06/28/2021 15:00:00,EDT,Nuclear,3264.0
06/28/2021 15:00:00,EDT,Other Fossil Fuels,483.0
06/28/2021 15:00:00,EDT,Other Renewables,273.0
06/28/2021 15:00:00,EDT,Wind,678.0
06/28/2021 15:00:00,EDT,Hydro,4541.0
06/28/2021 15:05:00,EDT,Dual Fuel,9804.0
06/28/2021 15:05:00,EDT,Natural Gas,6073.0
06/28/2021 15:05:00,EDT,Nuclear,3267.0
06/28/2021 15:05:00,EDT,Other Fossil Fuels,502.0
06/28/2021 15:05:00,EDT,Other Renewables,273.0
06/28/2021 15:05:00,EDT,Wind,677.0
06/28/2021 15:05:00,EDT,Hydro,4529.0
06/28/2021 15:10:00,EDT,Dual Fuel,9814.0
06/28/2021 15:10:00,EDT,Natural Gas,6089.0
06/28/2021 15:10:00,EDT,Nuclear,3265.0
06/28/2021 15:10:00,EDT,Other Fossil Fuels,514.0
06/28/2021 15:10:00,EDT,Other Renewables,270.0
06/28/2021 15:10:00,EDT,Wind,669.0
06/28/2021 15:10:00,EDT,Hydro,4538.0
06/28/2021 15:15:00,EDT,Dual Fuel,9850.0
06/28/2021 15:15:00,EDT,Natural Gas,6093.0
06/28/2021 15:15:00,EDT,Nuclear,3265.0
06/28/2021 15:15:00,EDT,Other Fossil Fuels,514.0
06/28/2021 15:15:00,EDT,Other Renewables,271.0
06/28/2021 15:15:00,EDT,Wind,678.0
06/28/2021 15:15:00,EDT,Hydro,4523.0
06/28/2021 15:20:00,EDT,Dual Fuel,9949.0
06/28/2021 15:20:00,EDT,Natural Gas,6079.0
06/28/2021 15:20:00,EDT,Nuclear,3265.0
06/28/2021 15:20:00,EDT,Other Fossil Fuels,515.0
06/28/2021 15:20:00,EDT,Other Renewables,271.0
06/28/2021 15:20:00,EDT,Wind,686.0
06/28/2021 15:20:00,EDT,Hydro,4581.0
06/28/2021 15:25:00,EDT,Dual Fuel,9960.0
06/28/2021 15:25:00,EDT,Natural Gas,6107.0
06/28/2021 15:25:00,EDT,Nuclear,3263.0
06/28/2021 15:25:00,EDT,Other Fossil Fuels,515.0
06/28/2021 15:25:00,EDT,Other Renewables,269.0
06/28/2021 15:25:00,EDT,Wind,693.0
06/28/2021 15:25:00,EDT,Hydro,4582.0
06/28/2021 15:30:00,EDT,Dual Fuel,9856.0
06/28/2021 15:30:00,EDT,Natural Gas,6137.0
06/28/2021 15:30:00,EDT,Nuclear,3264.0
06/28/2021 15:30:00,EDT,Other Fossil Fuels,514.0
06/28/2021 15:30:00,EDT,Other Renewables,270.0
06/28/2021 15:30:00,EDT,Wind,723.0
06/28/2021 15:30:00,EDT,Hydro,4605.0
06/28/2021 15:35:00,EDT,Dual Fuel,9929.0
06/28/2021 15:35:00,EDT,Natural Gas,6163.0
06/28/2021 15:35:00,EDT,Nuclear,3261.0
06/28/2021 15:35:00,EDT,Other Fossil Fuels,514.0
06/28/2021 15:35:00,EDT,Other Renewables,270.0
06/28/2021 15:35:00,EDT,Wind,727.0
06/28/2021 15:35:00,EDT,Hydro,4613.0
06/28/2021 15:40:00,EDT,Dual Fuel,9965.0
06/28/2021 15:40:00,EDT,Natural Gas,6201.0
06/28/2021 15:40:00,EDT,Nuclear,3265.0
06/28/2021 15:40:00,EDT,Other Fossil Fuels,514.0
06/28/2021 15:40:00,EDT,Other Renewables,271.0
06/28/2021 15:40:00,EDT,Wind,732.0
06/28/2021 15:40:00,EDT,Hydro,4671.0
06/28/2021 15:45:00,EDT,Dual Fuel,9959.0
06/28/2021 15:45:00,EDT,Natural Gas,6237.0
06/28/2021 15:45:00,EDT,Nuclear,3263.0
06/28/2021 15:45:00,EDT,Other Fossil Fuels,514.0
06/28/2021 15:45:00,EDT,Other Renewables,272.0
06/28/2021 15:45:00,EDT,Wind,736.0
06/28/2021 15:45:00,EDT,Hydro,4791.0
06/28/2021 15:50:00,EDT,Dual Fuel,9946.0
06/28/2021 15:50:00,EDT,Natural Gas,6239.0
06/28/2021 15:50:00,EDT,Nuclear,3263.0
06/28/2021 15:50:00,EDT,Other Fossil Fuels,514.0
06/28/2021 15:50:00,EDT,Other Renewables,271.0
06/28/2021 15:50:00,EDT,Wind,749.0
06/28/2021 15:50:00,EDT,Hydro,4820.0
06/28/2021 15:55:00,EDT,Dual Fuel,9964.0
06/28/2021 15:55:00,EDT,Natural Gas,6230.0
06/28/2021 15:55:00,EDT,Nuclear,3263.0
06/28/2021 15:55:00,EDT,Other Fossil Fuels,514.0
06/28/2021 15:55:00,EDT,Other Renewables,270.0
06/28/2021 15:55:00,EDT,Wind,720.0
06/28/2021 15:55:00,EDT,Hydro,4838.0
06/28/2021 16:00:00,EDT,Dual Fuel,9992.0
06/28/2021 16:00:00,EDT,Natural Gas,6237.0
06/28/2021 16:00:00,EDT,Nuclear,3262.0
06/28/2021 16:00:00,EDT,Other Fossil Fuels,515.0
06/28/2021 16:00:00,EDT,Other Renewables,269.0
06/28/2021 16:00:00,EDT,Wind,695.0
06/28/2021 16:00:00,EDT,Hydro,4846.0
06/28/2021 16:05:00,EDT,Dual Fuel,10029.0
06/28/2021 16:05:00,EDT,Natural Gas,6235.0
06/28/2021 16:05:00,EDT,Nuclear,3262.0
06/28/2021 16:05:00,EDT,Other Fossil Fuels,512.0
06/28/2021 16:05:00,EDT,Other Renewables,272.0
06/28/2021 16:05:00,EDT,Wind,697.0
06/28/2021 16:05:00,EDT,Hydro,4833.0
06/28/2021 16:10:00,EDT,Dual Fuel,10020.0
06/28/2021 16:10:00,EDT,Natural Gas,6232.0
06/28/2021 16:10:00,EDT,Nuclear,3264.0
06/28/2021 16:10:00,EDT,Other Fossil Fuels,500.0
06/28/2021 16:10:00,EDT,Other Renewables,271.0
06/28/2021 16:10:00,EDT,Wind,694.0
06/28/2021 16:10:00,EDT,Hydro,4823.0
06/28/2021 16:15:00,EDT,Dual Fuel,10045.0
06/28/2021 16:15:00,EDT,Natural Gas,6231.0
06/28/2021 16:15:00,EDT,Nuclear,3263.0
06/28/2021 16:15:00,EDT,Other Fossil Fuels,499.0
06/28/2021 16:15:00,EDT,Other Renewables,269.0
06/28/2021 16:15:00,EDT,Wind,678.0
06/28/2021 16:15:00,EDT,Hydro,4852.0
06/28/2021 16:20:00,EDT,Dual Fuel,10036.0
06/28/2021 16:20:00,EDT,Natural Gas,6235.0
06/28/2021 16:20:00,EDT,Nuclear,3263.0
06/28/2021 16:20:00,EDT,Other Fossil Fuels,500.0
06/28/2021 16:20:00,EDT,Other Renewables,267.0
06/28/2021 16:20:00,EDT,Wind,673.0
06/28/2021 16:20:00,EDT,Hydro,4849.0
06/28/2021 16:25:00,EDT,Dual Fuel,10013.0
06/28/2021 16:25:00,EDT,Natural Gas,6241.0
06/28/2021 16:25:00,EDT,Nuclear,3265.0
06/28/2021 16:25:00,EDT,Other Fossil Fuels,499.0
06/28/2021 16:25:00,EDT,Other Renewables,268.0
06/28/2021 16:25:00,EDT,Wind,647.0
06/28/2021 16:25:00,EDT,Hydro,4870.0
06/28/2021 16:30:00,EDT,Dual Fuel,10036.0
06/28/2021 16:30:00,EDT,Natural Gas,6238.0
06/28/2021 16:30:00,EDT,Nuclear,3262.0
06/28/2021 16:30:00,EDT,Other Fossil Fuels,499.0
06/28/2021 16:30:00,EDT,Other Renewables,266.0
06/28/2021 16:30:00,EDT,Wind,603.0
06/28/2021 16:30:00,EDT,Hydro,4869.0
06/28/2021 16:35:00,EDT,Dual Fuel,10103.0
06/28/2021 16:35:00,EDT,Natural Gas,6239.0
06/28/2021 16:35:00,EDT,Nuclear,3262.0
06/28/2021 16:35:00,EDT,Other Fossil Fuels,499.0
06/28/2021 16:35:00,EDT,Other Renewables,266.0
06/28/2021 16:35:00,EDT,Wind,575.0
06/28/2021 16:35:00,EDT,Hydro,4860.0
06/28/2021 16:40:00,EDT,Dual Fuel,10120.0
06/28/2021 16:40:00,EDT,Natural Gas,6247.0
06/28/2021 16:40:00,EDT,Nuclear,3262.0
06/28/2021 16:40:00,EDT,Other Fossil Fuels,500.0
06/28/2021 16:40:00,EDT,Other Renewables,264.0
06/28/2021 16:40:00,EDT,Wind,577.0
06/28/2021 16:40:00,EDT,Hydro,4860.0
06/28/2021 16:45:00,EDT,Dual Fuel,10151.0
06/28/2021 16:45:00,EDT,Natural Gas,6245.0
06/28/2021 16:45:00,EDT,Nuclear,3263.0
06/28/2021 16:45:00,EDT,Other Fossil Fuels,500.0
06/28/2021 16:45:00,EDT,Other Renewables,264.0
06/28/2021 16:45:00,EDT,Wind,588.0
06/28/2021 16:45:00,EDT,Hydro,4861.0
06/28/2021 16:50:00,EDT,Dual Fuel,10168.0
06/28/2021 16:50:00,EDT,Natural Gas,6238.0
06/28/2021 16:50:00,EDT,Nuclear,3262.0
06/28/2021 16:50:00,EDT,Other Fossil Fuels,500.0
06/28/2021 16:50:00,EDT,Other Renewables,265.0
06/28/2021 16:50:00,EDT,Wind,579.0
06/28/2021 16:50:00,EDT,Hydro,4841.0
06/28/2021 16:55:00,EDT,Dual Fuel,10194.0
06/28/2021 16:55:00,EDT,Natural Gas,6224.0
06/28/2021 16:55:00,EDT,Nuclear,3263.0
06/28/2021 16:55:00,EDT,Other Fossil Fuels,500.0
06/28/2021 16:55:00,EDT,Other Renewables,259.0
06/28/2021 16:55:00,EDT,Wind,552.0
06/28/2021 16:55:00,EDT,Hydro,4824.0
06/28/2021 17:00:00,EDT,Dual Fuel,10142.0
06/28/2021 17:00:00,EDT,Natural Gas,6229.0
06/28/2021 17:00:00,EDT,Nuclear,3264.0
06/28/2021 17:00:00,EDT,Other Fossil Fuels,500.0
06/28/2021 17:00:00,EDT,Other Renewables,257.0
06/28/2021 17:00:00,EDT,Wind,532.0
06/28/2021 17:00:00,EDT,Hydro,4817.0
06/28/2021 17:05:00,EDT,Dual Fuel,10238.0
06/28/2021 17:05:00,EDT,Natural Gas,6217.0
06/28/2021 17:05:00,EDT,Nuclear,3267.0
06/28/2021 17:05:00,EDT,Other Fossil Fuels,510.0
06/28/2021 17:05:00,EDT,Other Renewables,254.0
06/28/2021 17:05:00,EDT,Wind,527.0
06/28/2021 17:05:00,EDT,Hydro,4702.0
06/28/2021 17:10:00,EDT,Dual Fuel,10223.0
06/28/2021 17:10:00,EDT,Natural Gas,6180.0
06/28/2021 17:10:00,EDT,Nuclear,3263.0
06/28/2021 17:10:00,EDT,Other Fossil Fuels,533.0
06/28/2021 17:10:00,EDT,Other Renewables,262.0
06/28/2021 17:10:00,EDT,Wind,520.0
06/28/2021 17:10:00,EDT,Hydro,4706.0
06/28/2021 17:15:00,EDT,Dual Fuel,10206.0
06/28/2021 17:15:00,EDT,Natural Gas,6173.0
06/28/2021 17:15:00,EDT,Nuclear,3265.0
06/28/2021 17:15:00,EDT,Other Fossil Fuels,527.0
06/28/2021 17:15:00,EDT,Other Renewables,258.0
06/28/2021 17:15:00,EDT,Wind,512.0
06/28/2021 17:15:00,EDT,Hydro,4666.0
06/28/2021 17:20:00,EDT,Dual Fuel,10204.0
06/28/2021 17:20:00,EDT,Natural Gas,6191.0
06/28/2021 17:20:00,EDT,Nuclear,3264.0
06/28/2021 17:20:00,EDT,Other Fossil Fuels,564.0
06/28/2021 17:20:00,EDT,Other Renewables,261.0
06/28/2021 17:20:00,EDT,Wind,523.0
06/28/2021 17:20:00,EDT,Hydro,4648.0
06/28/2021 17:25:00,EDT,Dual Fuel,10181.0
06/28/2021 17:25:00,EDT,Natural Gas,6191.0
06/28/2021 17:25:00,EDT,Nuclear,3263.0
06/28/2021 17:25:00,EDT,Other Fossil Fuels,572.0
06/28/2021 17:25:00,EDT,Other Renewables,258.0
06/28/2021 17:25:00,EDT,Wind,561.0
06/28/2021 17:25:00,EDT,Hydro,4630.0
06/28/2021 17:30:00,EDT,Dual Fuel,10155.0
06/28/2021 17:30:00,EDT,Natural Gas,6153.0
06/28/2021 17:30:00,EDT,Nuclear,3264.0
06/28/2021 17:30:00,EDT,Other Fossil Fuels,572.0
06/28/2021 17:30:00,EDT,Other Renewables,259.0
06/28/2021 17:30:00,EDT,Wind,565.0
06/28/2021 17:30:00,EDT,Hydro,4618.0
06/28/2021 17:35:00,EDT,Dual Fuel,10150.0
06/28/2021 17:35:00,EDT,Natural Gas,6178.0
06/28/2021 17:35:00,EDT,Nuclear,3263.0
06/28/2021 17:35:00,EDT,Other Fossil Fuels,572.0
06/28/2021 17:35:00,EDT,Other Renewables,259.0
06/28/2021 17:35:00,EDT,Wind,568.0
06/28/2021 17:35:00,EDT,Hydro,4639.0
06/28/2021 17:40:00,EDT,Dual Fuel,10124.0
06/28/2021 17:40:00,EDT,Natural Gas,6193.0
06/28/2021 17:40:00,EDT,Nuclear,3262.0
06/28/2021 17:40:00,EDT,Other Fossil Fuels,573.0
06/28/2021 17:40:00,EDT,Other Renewables,256.0
06/28/2021 17:40:00,EDT,Wind,592.0
06/28/2021 17:40:00,EDT,Hydro,4655.0
06/28/2021 17:45:00,EDT,Dual Fuel,10106.0
06/28/2021 17:45:00,EDT,Natural Gas,6188.0
06/28/2021 17:45:00,EDT,Nuclear,3263.0
06/28/2021 17:45:00,EDT,Other Fossil Fuels,573.0
06/28/2021 17:45:00,EDT,Other Renewables,258.0
06/28/2021 17:45:00,EDT,Wind,601.0
06/28/2021 17:45:00,EDT,Hydro,4626.0
06/28/2021 17:50:00,EDT,Dual Fuel,9998.0
06/28/2021 17:50:00,EDT,Natural Gas,6145.0
06/28/2021 17:50:00,EDT,Nuclear,3267.0
06/28/2021 17:50:00,EDT,Other Fossil Fuels,573.0
06/28/2021 17:50:00,EDT,Other Renewables,256.0
06/28/2021 17:50:00,EDT,Wind,588.0
06/28/2021 17:50:00,EDT,Hydro,4626.0
06/28/2021 17:55:00,EDT,Dual Fuel,10076.0
06/28/2021 17:55:00,EDT,Natural Gas,6108.0
06/28/2021 17:55:00,EDT,Nuclear,3266.0
06/28/2021 17:55:00,EDT,Other Fossil Fuels,573.0
06/28/2021 17:55:00,EDT,Other Renewables,257.0
06/28/2021 17:55:00,EDT,Wind,583.0
06/28/2021 17:55:00,EDT,Hydro,4618.0
06/28/2021 18:00:00,EDT,Dual Fuel,10003.0
06/28/2021 18:00:00,EDT,Natural Gas,6125.0
06/28/2021 18:00:00,EDT,Nuclear,3264.0
06/28/2021 18:00:00,EDT,Other Fossil Fuels,573.0
06/28/2021 18:00:00,EDT,Other Renewables,255.0
06/28/2021 18:00:00,EDT,Wind,538.0
06/28/2021 18:00:00,EDT,Hydro,4632.0
06/28/2021 18:05:00,EDT,Dual Fuel,10034.0
06/28/2021 18:05:00,EDT,Natural Gas,6136.0
06/28/2021 18:05:00,EDT,Nuclear,3267.0
06/28/2021 18:05:00,EDT,Other Fossil Fuels,573.0
06/28/2021 18:05:00,EDT,Other Renewables,251.0
06/28/2021 18:05:00,EDT,Wind,491.0
06/28/2021 18:05:00,EDT,Hydro,4576.0
06/28/2021 18:10:00,EDT,Dual Fuel,10053.0
06/28/2021 18:10:00,EDT,Natural Gas,6141.0
06/28/2021 18:10:00,EDT,Nuclear,3267.0
06/28/2021 18:10:00,EDT,Other Fossil Fuels,568.0
06/28/2021 18:10:00,EDT,Other Renewables,255.0
06/28/2021 18:10:00,EDT,Wind,482.0
06/28/2021 18:10:00,EDT,Hydro,4495.0
06/28/2021 18:15:00,EDT,Dual Fuel,10064.0
06/28/2021 18:15:00,EDT,Natural Gas,6143.0
06/28/2021 18:15:00,EDT,Nuclear,3265.0
06/28/2021 18:15:00,EDT,Other Fossil Fuels,548.0
06/28/2021 18:15:00,EDT,Other Renewables,250.0
06/28/2021 18:15:00,EDT,Wind,460.0
06/28/2021 18:15:00,EDT,Hydro,4532.0
06/28/2021 18:20:00,EDT,Dual Fuel,10076.0
06/28/2021 18:20:00,EDT,Natural Gas,6188.0
06/28/2021 18:20:00,EDT,Nuclear,3263.0
06/28/2021 18:20:00,EDT,Other Fossil Fuels,513.0
06/28/2021 18:20:00,EDT,Other Renewables,249.0
06/28/2021 18:20:00,EDT,Wind,448.0
06/28/2021 18:20:00,EDT,Hydro,4611.0
06/28/2021 18:25:00,EDT,Dual Fuel,10093.0
06/28/2021 18:25:00,EDT,Natural Gas,6243.0
06/28/2021 18:25:00,EDT,Nuclear,3263.0
06/28/2021 18:25:00,EDT,Other Fossil Fuels,503.0
06/28/2021 18:25:00,EDT,Other Renewables,249.0
06/28/2021 18:25:00,EDT,Wind,450.0
06/28/2021 18:25:00,EDT,Hydro,4684.0
06/28/2021 18:30:00,EDT,Dual Fuel,10110.0
06/28/2021 18:30:00,EDT,Natural Gas,6227.0
06/28/2021 18:30:00,EDT,Nuclear,3261.0
06/28/2021 18:30:00,EDT,Other Fossil Fuels,498.0
06/28/2021 18:30:00,EDT,Other Renewables,250.0
06/28/2021 18:30:00,EDT,Wind,470.0
06/28/2021 18:30:00,EDT,Hydro,4636.0
06/28/2021 18:35:00,EDT,Dual Fuel,10126.0
06/28/2021 18:35:00,EDT,Natural Gas,6180.0
06/28/2021 18:35:00,EDT,Nuclear,3262.0
06/28/2021 18:35:00,EDT,Other Fossil Fuels,497.0
06/28/2021 18:35:00,EDT,Other Renewables,248.0
06/28/2021 18:35:00,EDT,Wind,467.0
06/28/2021 18:35:00,EDT,Hydro,4627.0
06/28/2021 18:40:00,EDT,Dual Fuel,10127.0
06/28/2021 18:40:00,EDT,Natural Gas,6154.0
06/28/2021 18:40:00,EDT,Nuclear,3262.0
06/28/2021 18:40:00,EDT,Other Fossil Fuels,475.0
06/28/2021 18:40:00,EDT,Other Renewables,248.0
06/28/2021 18:40:00,EDT,Wind,466.0
06/28/2021 18:40:00,EDT,Hydro,4616.0
06/28/2021 18:45:00,EDT,Dual Fuel,10117.0
06/28/2021 18:45:00,EDT,Natural Gas,6188.0
06/28/2021 18:45:00,EDT,Nuclear,3262.0
06/28/2021 18:45:00,EDT,Other Fossil Fuels,454.0
06/28/2021 18:45:00,EDT,Other Renewables,248.0
06/28/2021 18:45:00,EDT,Wind,449.0
06/28/2021 18:45:00,EDT,Hydro,4619.0
06/28/2021 18:50:00,EDT,Dual Fuel,10140.0
06/28/2021 18:50:00,EDT,Natural Gas,6251.0
06/28/2021 18:50:00,EDT,Nuclear,3262.0
06/28/2021 18:50:00,EDT,Other Fossil Fuels,454.0
06/28/2021 18:50:00,EDT,Other Renewables,249.0
06/28/2021 18:50:00,EDT,Wind,441.0
06/28/2021 18:50:00,EDT,Hydro,4660.0
06/28/2021 18:55:00,EDT,Dual Fuel,10156.0
06/28/2021 18:55:00,EDT,Natural Gas,6222.0
06/28/2021 18:55:00,EDT,Nuclear,3261.0
06/28/2021 18:55:00,EDT,Other Fossil Fuels,454.0
06/28/2021 18:55:00,EDT,Other Renewables,250.0
06/28/2021 18:55:00,EDT,Wind,444.0
06/28/2021 18:55:00,EDT,Hydro,4714.0
06/28/2021 19:00:00,EDT,Dual Fuel,10195.0
06/28/2021 19:00:00,EDT,Natural Gas,6237.0
06/28/2021 19:00:00,EDT,Nuclear,3262.0
06/28/2021 19:00:00,EDT,Other Fossil Fuels,451.0
06/28/2021 19:00:00,EDT,Other Renewables,249.0
06/28/2021 19:00:00,EDT,Wind,445.0
06/28/2021 19:00:00,EDT,Hydro,4664.0
06/28/2021 19:05:00,EDT,Dual Fuel,10227.0
06/28/2021 19:05:00,EDT,Natural Gas,6269.0
06/28/2021 19:05:00,EDT,Nuclear,3260.0
06/28/2021 19:05:00,EDT,Other Fossil Fuels,440.0
06/28/2021 19:05:00,EDT,Other Renewables,247.0
06/28/2021 19:05:00,EDT,Wind,459.0
06/28/2021 19:05:00,EDT,Hydro,4659.0
06/28/2021 19:10:00,EDT,Dual Fuel,10246.0
06/28/2021 19:10:00,EDT,Natural Gas,6265.0
06/28/2021 19:10:00,EDT,Nuclear,3261.0
06/28/2021 19:10:00,EDT,Other Fossil Fuels,389.0
06/28/2021 19:10:00,EDT,Other Renewables,248.0
06/28/2021 19:10:00,EDT,Wind,459.0
06/28/2021 19:10:00,EDT,Hydro,4644.0
06/28/2021 19:15:00,EDT,Dual Fuel,10237.0
06/28/2021 19:15:00,EDT,Natural Gas,6260.0
06/28/2021 19:15:00,EDT,Nuclear,3261.0
06/28/2021 19:15:00,EDT,Other Fossil Fuels,347.0
06/28/2021 19:15:00,EDT,Other Renewables,250.0
06/28/2021 19:15:00,EDT,Wind,445.0
06/28/2021 19:15:00,EDT,Hydro,4611.0
06/28/2021 19:20:00,EDT,Dual Fuel,10225.0
06/28/2021 19:20:00,EDT,Natural Gas,6260.0
06/28/2021 19:20:00,EDT,Nuclear,3261.0
06/28/2021 19:20:00,EDT,Other Fossil Fuels,327.0
06/28/2021 19:20:00,EDT,Other Renewables,254.0
06/28/2021 19:20:00,EDT,Wind,452.0
06/28/2021 19:20:00,EDT,Hydro,4636.0
06/28/2021 19:25:00,EDT,Dual Fuel,10244.0
06/28/2021 19:25:00,EDT,Natural Gas,6256.0
06/28/2021 19:25:00,EDT,Nuclear,3263.0
06/28/2021 19:25:00,EDT,Other Fossil Fuels,320.0
06/28/2021 19:25:00,EDT,Other Renewables,252.0
06/28/2021 19:25:00,EDT,Wind,458.0
06/28/2021 19:25:00,EDT,Hydro,4626.0
06/28/2021 19:30:00,EDT,Dual Fuel,10256.0
06/28/2021 19:30:00,EDT,Natural Gas,6272.0
06/28/2021 19:30:00,EDT,Nuclear,3263.0
06/28/2021 19:30:00,EDT,Other Fossil Fuels,293.0
06/28/2021 19:30:00,EDT,Other Renewables,250.0
06/28/2021 19:30:00,EDT,Wind,449.0
06/28/2021 19:30:00,EDT,Hydro,4589.0
06/28/2021 19:35:00,EDT,Dual Fuel,10241.0
06/28/2021 19:35:00,EDT,Natural Gas,6278.0
06/28/2021 19:35:00,EDT,Nuclear,3263.0
06/28/2021 19:35:00,EDT,Other Fossil Fuels,263.0
06/28/2021 19:35:00,EDT,Other Renewables,252.0
06/28/2021 19:35:00,EDT,Wind,439.0
06/28/2021 19:35:00,EDT,Hydro,4547.0
06/28/2021 19:40:00,EDT,Dual Fuel,10208.0
06/28/2021 19:40:00,EDT,Natural Gas,6275.0
06/28/2021 19:40:00,EDT,Nuclear,3263.0
06/28/2021 19:40:00,EDT,Other Fossil Fuels,250.0
06/28/2021 19:40:00,EDT,Other Renewables,251.0
06/28/2021 19:40:00,EDT,Wind,416.0
06/28/2021 19:40:00,EDT,Hydro,4473.0
06/28/2021 19:45:00,EDT,Dual Fuel,10120.0
06/28/2021 19:45:00,EDT,Natural Gas,6268.0
06/28/2021 19:45:00,EDT,Nuclear,3262.0
06/28/2021 19:45:00,EDT,Other Fossil Fuels,224.0
06/28/2021 19:45:00,EDT,Other Renewables,250.0
06/28/2021 19:45:00,EDT,Wind,394.0
06/28/2021 19:45:00,EDT,Hydro,4433.0
06/28/2021 19:50:00,EDT,Dual Fuel,10028.0
06/28/2021 19:50:00,EDT,Natural Gas,6260.0
06/28/2021 19:50:00,EDT,Nuclear,3262.0
06/28/2021 19:50:00,EDT,Other Fossil Fuels,194.0
06/28/2021 19:50:00,EDT,Other Renewables,255.0
06/28/2021 19:50:00,EDT,Wind,372.0
06/28/2021 19:50:00,EDT,Hydro,4450.0
06/28/2021 19:55:00,EDT,Dual Fuel,10034.0
06/28/2021 19:55:00,EDT,Natural Gas,6273.0
06/28/2021 19:55:00,EDT,Nuclear,3262.0
06/28/2021 19:55:00,EDT,Other Fossil Fuels,184.0
06/28/2021 19:55:00,EDT,Other Renewables,254.0
06/28/2021 19:55:00,EDT,Wind,343.0
06/28/2021 19:55:00,EDT,Hydro,4377.0
06/28/2021 20:00:00,EDT,Dual Fuel,10044.0
06/28/2021 20:00:00,EDT,Natural Gas,6274.0
06/28/2021 20:00:00,EDT,Nuclear,3262.0
06/28/2021 20:00:00,EDT,Other Fossil Fuels,184.0
06/28/2021 20:00:00,EDT,Other Renewables,253.0
06/28/2021 20:00:00,EDT,Wind,319.0
06/28/2021 20:00:00,EDT,Hydro,4343.0
06/28/2021 20:05:00,EDT,Dual Fuel,10018.0
06/28/2021 20:05:00,EDT,Natural Gas,6275.0
06/28/2021 20:05:00,EDT,Nuclear,3261.0
06/28/2021 20:05:00,EDT,Other Fossil Fuels,184.0
06/28/2021 20:05:00,EDT,Other Renewables,255.0
06/28/2021 20:05:00,EDT,Wind,314.0
06/28/2021 20:05:00,EDT,Hydro,4302.0
06/28/2021 20:10:00,EDT,Dual Fuel,9977.0
06/28/2021 20:10:00,EDT,Natural Gas,6268.0
06/28/2021 20:10:00,EDT,Nuclear,3262.0
06/28/2021 20:10:00,EDT,Other Fossil Fuels,179.0
06/28/2021 20:10:00,EDT,Other Renewables,255.0
06/28/2021 20:10:00,EDT,Wind,316.0
06/28/2021 20:10:00,EDT,Hydro,4289.0
06/28/2021 20:15:00,EDT,Dual Fuel,9965.0
06/28/2021 20:15:00,EDT,Natural Gas,6284.0
06/28/2021 20:15:00,EDT,Nuclear,3263.0
06/28/2021 20:15:00,EDT,Other Fossil Fuels,151.0
06/28/2021 20:15:00,EDT,Other Renewables,251.0
06/28/2021 20:15:00,EDT,Wind,317.0
06/28/2021 20:15:00,EDT,Hydro,4254.0
06/28/2021 20:20:00,EDT,Dual Fuel,9980.0
06/28/2021 20:20:00,EDT,Natural Gas,6286.0
06/28/2021 20:20:00,EDT,Nuclear,3263.0
06/28/2021 20:20:00,EDT,Other Fossil Fuels,120.0
06/28/2021 20:20:00,EDT,Other Renewables,251.0
06/28/2021 20:20:00,EDT,Wind,320.0
06/28/2021 20:20:00,EDT,Hydro,4243.0
06/28/2021 20:25:00,EDT,Dual Fuel,9971.0
06/28/2021 20:25:00,EDT,Natural Gas,6271.0
06/28/2021 20:25:00,EDT,Nuclear,3264.0
06/28/2021 20:25:00,EDT,Other Fossil Fuels,112.0
06/28/2021 20:25:00,EDT,Other Renewables,252.0
06/28/2021 20:25:00,EDT,Wind,318.0
06/28/2021 20:25:00,EDT,Hydro,4202.0
06/28/2021 20:30:00,EDT,Dual Fuel,9980.0
06/28/2021 20:30:00,EDT,Natural Gas,6238.0
06/28/2021 20:30:00,EDT,Nuclear,3262.0
06/28/2021 20:30:00,EDT,Other Fossil Fuels,106.0
06/28/2021 20:30:00,EDT,Other Renewables,252.0
06/28/2021 20:30:00,EDT,Wind,322.0
06/28/2021 20:30:00,EDT,Hydro,4148.0
06/28/2021 20:35:00,EDT,Dual Fuel,9996.0
06/28/2021 20:35:00,EDT,Natural Gas,6286.0
06/28/2021 20:35:00,EDT,Nuclear,3264.0
06/28/2021 20:35:00,EDT,Other Fossil Fuels,70.0
06/28/2021 20:35:00,EDT,Other Renewables,253.0
06/28/2021 20:35:00,EDT,Wind,330.0
06/28/2021 20:35:00,EDT,Hydro,4116.0
06/28/2021 20:40:00,EDT,Dual Fuel,10016.0
06/28/2021 20:40:00,EDT,Natural Gas,6330.0
06/28/2021 20:40:00,EDT,Nuclear,3263.0
06/28/2021 20:40:00,EDT,Other Fossil Fuels,66.0
06/28/2021 20:40:00,EDT,Other Renewables,253.0
06/28/2021 20:40:00,EDT,Wind,334.0
06/28/2021 20:40:00,EDT,Hydro,4041.0
06/28/2021 20:45:00,EDT,Dual Fuel,9984.0
06/28/2021 20:45:00,EDT,Natural Gas,6323.0
06/28/2021 20:45:00,EDT,Nuclear,3262.0
06/28/2021 20:45:00,EDT,Other Fossil Fuels,51.0
06/28/2021 20:45:00,EDT,Other Renewables,252.0
06/28/2021 20:45:00,EDT,Wind,332.0
06/28/2021 20:45:00,EDT,Hydro,4033.0
06/28/2021 20:50:00,EDT,Dual Fuel,9959.0
06/28/2021 20:50:00,EDT,Natural Gas,6387.0
06/28/2021 20:50:00,EDT,Nuclear,3264.0
06/28/2021 20:50:00,EDT,Other Fossil Fuels,50.0
06/28/2021 20:50:00,EDT,Other Renewables,251.0
06/28/2021 20:50:00,EDT,Wind,326.0
06/28/2021 20:50:00,EDT,Hydro,4042.0
06/28/2021 20:55:00,EDT,Dual Fuel,10013.0
06/28/2021 20:55:00,EDT,Natural Gas,6401.0
06/28/2021 20:55:00,EDT,Nuclear,3263.0
06/28/2021 20:55:00,EDT,Other Fossil Fuels,50.0
06/28/2021 20:55:00,EDT,Other Renewables,253.0
06/28/2021 20:55:00,EDT,Wind,344.0
06/28/2021 20:55:00,EDT,Hydro,4078.0
06/28/2021 21:00:00,EDT,Dual Fuel,10018.0
06/28/2021 21:00:00,EDT,Natural Gas,6390.0
06/28/2021 21:00:00,EDT,Nuclear,3265.0
06/28/2021 21:00:00,EDT,Other Fossil Fuels,51.0
06/28/2021 21:00:00,EDT,Other Renewables,249.0
06/28/2021 21:00:00,EDT,Wind,358.0
06/28/2021 21:00:00,EDT,Hydro,4040.0
06/28/2021 21:05:00,EDT,Dual Fuel,9995.0
06/28/2021 21:05:00,EDT,Natural Gas,6404.0
06/28/2021 21:05:00,EDT,Nuclear,3264.0
06/28/2021 21:05:00,EDT,Other Fossil Fuels,51.0
06/28/2021 21:05:00,EDT,Other Renewables,252.0
06/28/2021 21:05:00,EDT,Wind,374.0
06/28/2021 21:05:00,EDT,Hydro,3977.0
06/28/2021 21:10:00,EDT,Dual Fuel,9983.0
06/28/2021 21:10:00,EDT,Natural Gas,6370.0
06/28/2021 21:10:00,EDT,Nuclear,3263.0
06/28/2021 21:10:00,EDT,Other Fossil Fuels,51.0
06/28/2021 21:10:00,EDT,Other Renewables,250.0
06/28/2021 21:10:00,EDT,Wind,379.0
06/28/2021 21:10:00,EDT,Hydro,3890.0
06/28/2021 21:15:00,EDT,Dual Fuel,9965.0
06/28/2021 21:15:00,EDT,Natural Gas,6327.0
06/28/2021 21:15:00,EDT,Nuclear,3260.0
06/28/2021 21:15:00,EDT,Other Fossil Fuels,52.0
06/28/2021 21:15:00,EDT,Other Renewables,250.0
06/28/2021 21:15:00,EDT,Wind,388.0
06/28/2021 21:15:00,EDT,Hydro,3856.0
06/28/2021 21:20:00,EDT,Dual Fuel,9973.0
06/28/2021 21:20:00,EDT,Natural Gas,6248.0
06/28/2021 21:20:00,EDT,Nuclear,3263.0
06/28/2021 21:20:00,EDT,Other Fossil Fuels,51.0
06/28/2021 21:20:00,EDT,Other Renewables,246.0
06/28/2021 21:20:00,EDT,Wind,396.0
06/28/2021 21:20:00,EDT,Hydro,3819.0
06/28/2021 21:25:00,EDT,Dual Fuel,9955.0
06/28/2021 21:25:00,EDT,Natural Gas,6223.0
06/28/2021 21:25:00,EDT,Nuclear,3263.0
06/28/2021 21:25:00,EDT,Other Fossil Fuels,51.0
06/28/2021 21:25:00,EDT,Other Renewables,248.0
06/28/2021 21:25:00,EDT,Wind,413.0
06/28/2021 21:25:00,EDT,Hydro,3784.0
06/28/2021 21:30:00,EDT,Dual Fuel,9929.0
06/28/2021 21:30:00,EDT,Natural Gas,6206.0
06/28/2021 21:30:00,EDT,Nuclear,3262.0
06/28/2021 21:30:00,EDT,Other Fossil Fuels,51.0
06/28/2021 21:30:00,EDT,Other Renewables,249.0
06/28/2021 21:30:00,EDT,Wind,433.0
06/28/2021 21:30:00,EDT,Hydro,3692.0
06/28/2021 21:35:00,EDT,Dual Fuel,9906.0
06/28/2021 21:35:00,EDT,Natural Gas,6208.0
06/28/2021 21:35:00,EDT,Nuclear,3264.0
06/28/2021 21:35:00,EDT,Other Fossil Fuels,51.0
06/28/2021 21:35:00,EDT,Other Renewables,250.0
06/28/2021 21:35:00,EDT,Wind,452.0
06/28/2021 21:35:00,EDT,Hydro,3596.0
06/28/2021 21:40:00,EDT,Dual Fuel,9831.0
06/28/2021 21:40:00,EDT,Natural Gas,6200.0
06/28/2021 21:40:00,EDT,Nuclear,3262.0
06/28/2021 21:40:00,EDT,Other Fossil Fuels,51.0
06/28/2021 21:40:00,EDT,Other Renewables,251.0
06/28/2021 21:40:00,EDT,Wind,473.0
06/28/2021 21:40:00,EDT,Hydro,3554.0
06/28/2021 21:45:00,EDT,Dual Fuel,9716.0
06/28/2021 21:45:00,EDT,Natural Gas,6187.0
06/28/2021 21:45:00,EDT,Nuclear,3263.0
06/28/2021 21:45:00,EDT,Other Fossil Fuels,51.0
06/28/2021 21:45:00,EDT,Other Renewables,250.0
06/28/2021 21:45:00,EDT,Wind,493.0
06/28/2021 21:45:00,EDT,Hydro,3563.0
06/28/2021 21:50:00,EDT,Dual Fuel,9541.0
06/28/2021 21:50:00,EDT,Natural Gas,6189.0
06/28/2021 21:50:00,EDT,Nuclear,3262.0
06/28/2021 21:50:00,EDT,Other Fossil Fuels,51.0
06/28/2021 21:50:00,EDT,Other Renewables,250.0
06/28/2021 21:50:00,EDT,Wind,521.0
06/28/2021 21:50:00,EDT,Hydro,3571.0
06/28/2021 21:55:00,EDT,Dual Fuel,9472.0
06/28/2021 21:55:00,EDT,Natural Gas,6163.0
06/28/2021 21:55:00,EDT,Nuclear,3263.0
06/28/2021 21:55:00,EDT,Other Fossil Fuels,50.0
06/28/2021 21:55:00,EDT,Other Renewables,245.0
06/28/2021 21:55:00,EDT,Wind,537.0
06/28/2021 21:55:00,EDT,Hydro,3543.0
06/28/2021 22:00:00,EDT,Dual Fuel,9228.0
06/28/2021 22:00:00,EDT,Natural Gas,6137.0
06/28/2021 22:00:00,EDT,Nuclear,3263.0
06/28/2021 22:00:00,EDT,Other Fossil Fuels,50.0
06/28/2021 22:00:00,EDT,Other Renewables,246.0
06/28/2021 22:00:00,EDT,Wind,546.0
06/28/2021 22:00:00,EDT,Hydro,3475.0
06/28/2021 22:05:00,EDT,Dual Fuel,8897.0
06/28/2021 22:05:00,EDT,Natural Gas,6126.0
06/28/2021 22:05:00,EDT,Nuclear,3263.0
06/28/2021 22:05:00,EDT,Other Fossil Fuels,50.0
06/28/2021 22:05:00,EDT,Other Renewables,248.0
06/28/2021 22:05:00,EDT,Wind,554.0
06/28/2021 22:05:00,EDT,Hydro,3354.0
06/28/2021 22:10:00,EDT,Dual Fuel,8681.0
06/28/2021 22:10:00,EDT,Natural Gas,6056.0
06/28/2021 22:10:00,EDT,Nuclear,3263.0
06/28/2021 22:10:00,EDT,Other Fossil Fuels,51.0
06/28/2021 22:10:00,EDT,Other Renewables,246.0
06/28/2021 22:10:00,EDT,Wind,550.0
06/28/2021 22:10:00,EDT,Hydro,3321.0
06/28/2021 22:15:00,EDT,Dual Fuel,8449.0
06/28/2021 22:15:00,EDT,Natural Gas,6004.0
06/28/2021 22:15:00,EDT,Nuclear,3262.0
06/28/2021 22:15:00,EDT,Other Fossil Fuels,51.0
06/28/2021 22:15:00,EDT,Other Renewables,248.0
06/28/2021 22:15:00,EDT,Wind,553.0
06/28/2021 22:15:00,EDT,Hydro,3300.0
06/28/2021 22:20:00,EDT,Dual Fuel,8354.0
06/28/2021 22:20:00,EDT,Natural Gas,5973.0
06/28/2021 22:20:00,EDT,Nuclear,3264.0
06/28/2021 22:20:00,EDT,Other Fossil Fuels,51.0
06/28/2021 22:20:00,EDT,Other Renewables,246.0
06/28/2021 22:20:00,EDT,Wind,560.0
06/28/2021 22:20:00,EDT,Hydro,3311.0
06/28/2021 22:25:00,EDT,Dual Fuel,8258.0
06/28/2021 22:25:00,EDT,Natural Gas,5975.0
06/28/2021 22:25:00,EDT,Nuclear,3263.0
06/28/2021 22:25:00,EDT,Other Fossil Fuels,51.0
06/28/2021 22:25:00,EDT,Other Renewables,249.0
06/28/2021 22:25:00,EDT,Wind,563.0
06/28/2021 22:25:00,EDT,Hydro,3323.0
06/28/2021 22:30:00,EDT,Dual Fuel,8165.0
06/28/2021 22:30:00,EDT,Natural Gas,5964.0
06/28/2021 22:30:00,EDT,Nuclear,3262.0
06/28/2021 22:30:00,EDT,Other Fossil Fuels,51.0
06/28/2021 22:30:00,EDT,Other Renewables,245.0
06/28/2021 22:30:00,EDT,Wind,562.0
06/28/2021 22:30:00,EDT,Hydro,3256.0
06/28/2021 22:35:00,EDT,Dual Fuel,8097.0
06/28/2021 22:35:00,EDT,Natural Gas,5977.0
06/28/2021 22:35:00,EDT,Nuclear,3264.0
06/28/2021 22:35:00,EDT,Other Fossil Fuels,51.0
06/28/2021 22:35:00,EDT,Other Renewables,242.0
06/28/2021 22:35:00,EDT,Wind,569.0
06/28/2021 22:35:00,EDT,Hydro,3172.0
06/28/2021 22:40:00,EDT,Dual Fuel,8076.0
06/28/2021 22:40:00,EDT,Natural Gas,5943.0
06/28/2021 22:40:00,EDT,Nuclear,3263.0
06/28/2021 22:40:00,EDT,Other Fossil Fuels,50.0
06/28/2021 22:40:00,EDT,Other Renewables,248.0
06/28/2021 22:40:00,EDT,Wind,585.0
06/28/2021 22:40:00,EDT,Hydro,3127.0
06/28/2021 22:45:00,EDT,Dual Fuel,7910.0
06/28/2021 22:45:00,EDT,Natural Gas,5926.0
06/28/2021 22:45:00,EDT,Nuclear,3262.0
06/28/2021 22:45:00,EDT,Other Fossil Fuels,45.0
06/28/2021 22:45:00,EDT,Other Renewables,249.0
06/28/2021 22:45:00,EDT,Wind,593.0
06/28/2021 22:45:00,EDT,Hydro,3148.0
06/28/2021 22:50:00,EDT,Dual Fuel,7658.0
06/28/2021 22:50:00,EDT,Natural Gas,5917.0
06/28/2021 22:50:00,EDT,Nuclear,3264.0
06/28/2021 22:50:00,EDT,Other Fossil Fuels,11.0
06/28/2021 22:50:00,EDT,Other Renewables,247.0
06/28/2021 22:50:00,EDT,Wind,588.0
06/28/2021 22:50:00,EDT,Hydro,3166.0
06/28/2021 22:55:00,EDT,Dual Fuel,7600.0
06/28/2021 22:55:00,EDT,Natural Gas,5855.0
06/28/2021 22:55:00,EDT,Nuclear,3265.0
06/28/2021 22:55:00,EDT,Other Fossil Fuels,3.0
06/28/2021 22:55:00,EDT,Other Renewables,244.0
06/28/2021 22:55:00,EDT,Wind,594.0
06/28/2021 22:55:00,EDT,Hydro,3123.0
06/28/2021 23:00:00,EDT,Dual Fuel,7556.0
06/28/2021 23:00:00,EDT,Natural Gas,5830.0
06/28/2021 23:00:00,EDT,Nuclear,3261.0
06/28/2021 23:00:00,EDT,Other Fossil Fuels,2.0
06/28/2021 23:00:00,EDT,Other Renewables,246.0
06/28/2021 23:00:00,EDT,Wind,589.0
06/28/2021 23:00:00,EDT,Hydro,3003.0
06/28/2021 23:05:00,EDT,Dual Fuel,7441.0
06/28/2021 23:05:00,EDT,Natural Gas,5875.0
06/28/2021 23:05:00,EDT,Nuclear,3262.0
06/28/2021 23:05:00,EDT,Other Fossil Fuels,3.0
06/28/2021 23:05:00,EDT,Other Renewables,247.0
06/28/2021 23:05:00,EDT,Wind,598.0
06/28/2021 23:05:00,EDT,Hydro,2847.0
06/28/2021 23:10:00,EDT,Dual Fuel,7200.0
06/28/2021 23:10:00,EDT,Natural Gas,5832.0
06/28/2021 23:10:00,EDT,Nuclear,3262.0
06/28/2021 23:10:00,EDT,Other Fossil Fuels,3.0
06/28/2021 23:10:00,EDT,Other Renewables,248.0
06/28/2021 23:10:00,EDT,Wind,606.0
06/28/2021 23:10:00,EDT,Hydro,2757.0
06/28/2021 23:15:00,EDT,Dual Fuel,7035.0
06/28/2021 23:15:00,EDT,Natural Gas,5803.0
06/28/2021 23:15:00,EDT,Nuclear,3263.0
06/28/2021 23:15:00,EDT,Other Fossil Fuels,2.0
06/28/2021 23:15:00,EDT,Other Renewables,252.0
06/28/2021 23:15:00,EDT,Wind,606.0
06/28/2021 23:15:00,EDT,Hydro,2757.0
06/28/2021 23:20:00,EDT,Dual Fuel,6873.0
06/28/2021 23:20:00,EDT,Natural Gas,5702.0
06/28/2021 23:20:00,EDT,Nuclear,3263.0
06/28/2021 23:20:00,EDT,Other Fossil Fuels,3.0
06/28/2021 23:20:00,EDT,Other Renewables,254.0
06/28/2021 23:20:00,EDT,Wind,603.0
06/28/2021 23:20:00,EDT,Hydro,2787.0
06/28/2021 23:25:00,EDT,Dual Fuel,6742.0
06/28/2021 23:25:00,EDT,Natural Gas,5711.0
06/28/2021 23:25:00,EDT,Nuclear,3262.0
06/28/2021 23:25:00,EDT,Other Fossil Fuels,3.0
06/28/2021 23:25:00,EDT,Other Renewables,250.0
06/28/2021 23:25:00,EDT,Wind,595.0
06/28/2021 23:25:00,EDT,Hydro,2780.0
06/28/2021 23:30:00,EDT,Dual Fuel,6687.0
06/28/2021 23:30:00,EDT,Natural Gas,5725.0
06/28/2021 23:30:00,EDT,Nuclear,3261.0
06/28/2021 23:30:00,EDT,Other Fossil Fuels,3.0
06/28/2021 23:30:00,EDT,Other Renewables,250.0
06/28/2021 23:30:00,EDT,Wind,592.0
06/28/2021 23:30:00,EDT,Hydro,2789.0
06/28/2021 23:35:00,EDT,Dual Fuel,6601.0
06/28/2021 23:35:00,EDT,Natural Gas,5690.0
06/28/2021 23:35:00,EDT,Nuclear,3262.0
06/28/2021 23:35:00,EDT,Other Fossil Fuels,3.0
06/28/2021 23:35:00,EDT,Other Renewables,245.0
06/28/2021 23:35:00,EDT,Wind,598.0
06/28/2021 23:35:00,EDT,Hydro,2782.0
06/28/2021 23:40:00,EDT,Dual Fuel,6466.0
06/28/2021 23:40:00,EDT,Natural Gas,5679.0
06/28/2021 23:40:00,EDT,Nuclear,3260.0
06/28/2021 23:40:00,EDT,Other Fossil Fuels,3.0
06/28/2021 23:40:00,EDT,Other Renewables,248.0
06/28/2021 23:40:00,EDT,Wind,608.0
06/28/2021 23:40:00,EDT,Hydro,2782.0
06/28/2021 23:45:00,EDT,Dual Fuel,6380.0
06/28/2021 23:45:00,EDT,Natural Gas,5600.0
06/28/2021 23:45:00,EDT,Nuclear,3264.0
06/28/2021 23:45:00,EDT,Other Fossil Fuels,2.0
06/28/2021 23:45:00,EDT,Other Renewables,249.0
06/28/2021 23:45:00,EDT,Wind,613.0
06/28/2021 23:45:00,EDT,Hydro,2774.0
06/28/2021 23:50:00,EDT,Dual Fuel,6402.0
06/28/2021 23:50:00,EDT,Natural Gas,5495.0
06/28/2021 23:50:00,EDT,Nuclear,3263.0
06/28/2021 23:50:00,EDT,Other Fossil Fuels,3.0
06/28/2021 23:50:00,EDT,Other Renewables,253.0
06/28/2021 23:50:00,EDT,Wind,613.0
06/28/2021 23:50:00,EDT,Hydro,2753.0
06/28/2021 23:55:00,EDT,Dual Fuel,6433.0
06/28/2021 23:55:00,EDT,Natural Gas,5445.0
06/28/2021 23:55:00,EDT,Nuclear,3262.0
06/28/2021 23:55:00,EDT,Other Fossil Fuels,3.0
06/28/2021 23:55:00,EDT,Other Renewables,251.0
06/28/2021 23:55:00,EDT,Wind,604.0
06/28/2021 23:55:00,EDT,Hydro,2694.0
06/29/2021 00:00:00,EDT,Dual Fuel,6529.0
06/29/2021 00:00:00,EDT,Natural Gas,5444.0
06/29/2021 00:00:00,EDT,Nuclear,3263.0
06/29/2021 00:00:00,EDT,Other Fossil Fuels,2.0
06/29/2021 00:00:00,EDT,Other Renewables,253.0
06/29/2021 00:00:00,EDT,Wind,600.0
06/29/2021 00:00:00,EDT,Hydro,2643.0
